find max (0, 1)
-----mpnum-----
   0 1 2 3 4 5 6 7 8 9 10 11 
--------------------------
0| 0 0 -1 -1 -1 -1 -1 -1 -1 -1 -1 -1 
1| 0 0 -1 -1 -1 -1 -1 -1 -1 -1 -1 -1 
2| 0 0 0 -1 -1 -1 -1 -1 -1 -1 -1 -1 
3| 0 0 0 0 -1 -1 -1 -1 -1 -1 -1 -1 
4| 0 0 0 0 0 -1 -1 -1 -1 -1 -1 -1 
5| 0 0 0 0 0 0 -1 -1 -1 -1 -1 -1 
6| 0 0 0 0 0 0 0 -1 -1 -1 -1 -1 
7| 0 0 0 0 0 0 0 0 -1 -1 -1 -1 
8| 0 0 0 0 0 0 0 0 0 -1 -1 -1 
9| 0 0 0 0 0 0 0 0 0 0 -1 -1 
10| 0 0 0 0 0 0 0 0 0 0 0 -1 
11| 0 0 0 0 0 0 0 0 0 0 0 0 
-----mpcase-----
   0 1 2 3 4 5 6 7 8 9 10 11 
--------------------------
0| 0 1 0 0 0 0 0 0 0 0 0 0 
1| 0 0 0 0 0 0 0 0 0 0 0 0 
2| 0 0 0 0 0 0 0 0 0 0 0 0 
3| 0 0 0 0 0 0 0 0 0 0 0 0 
4| 0 0 0 0 0 0 0 0 0 0 0 0 
5| 0 0 0 0 0 0 0 0 0 0 0 0 
6| 0 0 0 0 0 0 0 0 0 0 0 0 
7| 0 0 0 0 0 0 0 0 0 0 0 0 
8| 0 0 0 0 0 0 0 0 0 0 0 0 
9| 0 0 0 0 0 0 0 0 0 0 0 0 
10| 0 0 0 0 0 0 0 0 0 0 0 0 
11| 0 0 0 0 0 0 0 0 0 0 0 0 
-----mpsubchords-----
find max (1, 2)
-----mpnum-----
   0 1 2 3 4 5 6 7 8 9 10 11 
--------------------------
0| 0 0 -1 -1 -1 -1 -1 -1 -1 -1 -1 -1 
1| 0 0 0 -1 -1 -1 -1 -1 -1 -1 -1 -1 
2| 0 0 0 -1 -1 -1 -1 -1 -1 -1 -1 -1 
3| 0 0 0 0 -1 -1 -1 -1 -1 -1 -1 -1 
4| 0 0 0 0 0 -1 -1 -1 -1 -1 -1 -1 
5| 0 0 0 0 0 0 -1 -1 -1 -1 -1 -1 
6| 0 0 0 0 0 0 0 -1 -1 -1 -1 -1 
7| 0 0 0 0 0 0 0 0 -1 -1 -1 -1 
8| 0 0 0 0 0 0 0 0 0 -1 -1 -1 
9| 0 0 0 0 0 0 0 0 0 0 -1 -1 
10| 0 0 0 0 0 0 0 0 0 0 0 -1 
11| 0 0 0 0 0 0 0 0 0 0 0 0 
-----mpcase-----
   0 1 2 3 4 5 6 7 8 9 10 11 
--------------------------
0| 0 1 0 0 0 0 0 0 0 0 0 0 
1| 0 0 1 0 0 0 0 0 0 0 0 0 
2| 0 0 0 0 0 0 0 0 0 0 0 0 
3| 0 0 0 0 0 0 0 0 0 0 0 0 
4| 0 0 0 0 0 0 0 0 0 0 0 0 
5| 0 0 0 0 0 0 0 0 0 0 0 0 
6| 0 0 0 0 0 0 0 0 0 0 0 0 
7| 0 0 0 0 0 0 0 0 0 0 0 0 
8| 0 0 0 0 0 0 0 0 0 0 0 0 
9| 0 0 0 0 0 0 0 0 0 0 0 0 
10| 0 0 0 0 0 0 0 0 0 0 0 0 
11| 0 0 0 0 0 0 0 0 0 0 0 0 
-----mpsubchords-----
find max (2, 3)
-----mpnum-----
   0 1 2 3 4 5 6 7 8 9 10 11 
--------------------------
0| 0 0 -1 -1 -1 -1 -1 -1 -1 -1 -1 -1 
1| 0 0 0 -1 -1 -1 -1 -1 -1 -1 -1 -1 
2| 0 0 0 0 -1 -1 -1 -1 -1 -1 -1 -1 
3| 0 0 0 0 -1 -1 -1 -1 -1 -1 -1 -1 
4| 0 0 0 0 0 -1 -1 -1 -1 -1 -1 -1 
5| 0 0 0 0 0 0 -1 -1 -1 -1 -1 -1 
6| 0 0 0 0 0 0 0 -1 -1 -1 -1 -1 
7| 0 0 0 0 0 0 0 0 -1 -1 -1 -1 
8| 0 0 0 0 0 0 0 0 0 -1 -1 -1 
9| 0 0 0 0 0 0 0 0 0 0 -1 -1 
10| 0 0 0 0 0 0 0 0 0 0 0 -1 
11| 0 0 0 0 0 0 0 0 0 0 0 0 
-----mpcase-----
   0 1 2 3 4 5 6 7 8 9 10 11 
--------------------------
0| 0 1 0 0 0 0 0 0 0 0 0 0 
1| 0 0 1 0 0 0 0 0 0 0 0 0 
2| 0 0 0 1 0 0 0 0 0 0 0 0 
3| 0 0 0 0 0 0 0 0 0 0 0 0 
4| 0 0 0 0 0 0 0 0 0 0 0 0 
5| 0 0 0 0 0 0 0 0 0 0 0 0 
6| 0 0 0 0 0 0 0 0 0 0 0 0 
7| 0 0 0 0 0 0 0 0 0 0 0 0 
8| 0 0 0 0 0 0 0 0 0 0 0 0 
9| 0 0 0 0 0 0 0 0 0 0 0 0 
10| 0 0 0 0 0 0 0 0 0 0 0 0 
11| 0 0 0 0 0 0 0 0 0 0 0 0 
-----mpsubchords-----
find max (3, 4)
-----mpnum-----
   0 1 2 3 4 5 6 7 8 9 10 11 
--------------------------
0| 0 0 -1 -1 -1 -1 -1 -1 -1 -1 -1 -1 
1| 0 0 0 -1 -1 -1 -1 -1 -1 -1 -1 -1 
2| 0 0 0 0 -1 -1 -1 -1 -1 -1 -1 -1 
3| 0 0 0 0 0 -1 -1 -1 -1 -1 -1 -1 
4| 0 0 0 0 0 -1 -1 -1 -1 -1 -1 -1 
5| 0 0 0 0 0 0 -1 -1 -1 -1 -1 -1 
6| 0 0 0 0 0 0 0 -1 -1 -1 -1 -1 
7| 0 0 0 0 0 0 0 0 -1 -1 -1 -1 
8| 0 0 0 0 0 0 0 0 0 -1 -1 -1 
9| 0 0 0 0 0 0 0 0 0 0 -1 -1 
10| 0 0 0 0 0 0 0 0 0 0 0 -1 
11| 0 0 0 0 0 0 0 0 0 0 0 0 
-----mpcase-----
   0 1 2 3 4 5 6 7 8 9 10 11 
--------------------------
0| 0 1 0 0 0 0 0 0 0 0 0 0 
1| 0 0 1 0 0 0 0 0 0 0 0 0 
2| 0 0 0 1 0 0 0 0 0 0 0 0 
3| 0 0 0 0 1 0 0 0 0 0 0 0 
4| 0 0 0 0 0 0 0 0 0 0 0 0 
5| 0 0 0 0 0 0 0 0 0 0 0 0 
6| 0 0 0 0 0 0 0 0 0 0 0 0 
7| 0 0 0 0 0 0 0 0 0 0 0 0 
8| 0 0 0 0 0 0 0 0 0 0 0 0 
9| 0 0 0 0 0 0 0 0 0 0 0 0 
10| 0 0 0 0 0 0 0 0 0 0 0 0 
11| 0 0 0 0 0 0 0 0 0 0 0 0 
-----mpsubchords-----
find max (4, 5)
-----mpnum-----
   0 1 2 3 4 5 6 7 8 9 10 11 
--------------------------
0| 0 0 -1 -1 -1 -1 -1 -1 -1 -1 -1 -1 
1| 0 0 0 -1 -1 -1 -1 -1 -1 -1 -1 -1 
2| 0 0 0 0 -1 -1 -1 -1 -1 -1 -1 -1 
3| 0 0 0 0 0 -1 -1 -1 -1 -1 -1 -1 
4| 0 0 0 0 0 0 -1 -1 -1 -1 -1 -1 
5| 0 0 0 0 0 0 -1 -1 -1 -1 -1 -1 
6| 0 0 0 0 0 0 0 -1 -1 -1 -1 -1 
7| 0 0 0 0 0 0 0 0 -1 -1 -1 -1 
8| 0 0 0 0 0 0 0 0 0 -1 -1 -1 
9| 0 0 0 0 0 0 0 0 0 0 -1 -1 
10| 0 0 0 0 0 0 0 0 0 0 0 -1 
11| 0 0 0 0 0 0 0 0 0 0 0 0 
-----mpcase-----
   0 1 2 3 4 5 6 7 8 9 10 11 
--------------------------
0| 0 1 0 0 0 0 0 0 0 0 0 0 
1| 0 0 1 0 0 0 0 0 0 0 0 0 
2| 0 0 0 1 0 0 0 0 0 0 0 0 
3| 0 0 0 0 1 0 0 0 0 0 0 0 
4| 0 0 0 0 0 1 0 0 0 0 0 0 
5| 0 0 0 0 0 0 0 0 0 0 0 0 
6| 0 0 0 0 0 0 0 0 0 0 0 0 
7| 0 0 0 0 0 0 0 0 0 0 0 0 
8| 0 0 0 0 0 0 0 0 0 0 0 0 
9| 0 0 0 0 0 0 0 0 0 0 0 0 
10| 0 0 0 0 0 0 0 0 0 0 0 0 
11| 0 0 0 0 0 0 0 0 0 0 0 0 
-----mpsubchords-----
find max (5, 6)
-----mpnum-----
   0 1 2 3 4 5 6 7 8 9 10 11 
--------------------------
0| 0 0 -1 -1 -1 -1 -1 -1 -1 -1 -1 -1 
1| 0 0 0 -1 -1 -1 -1 -1 -1 -1 -1 -1 
2| 0 0 0 0 -1 -1 -1 -1 -1 -1 -1 -1 
3| 0 0 0 0 0 -1 -1 -1 -1 -1 -1 -1 
4| 0 0 0 0 0 0 -1 -1 -1 -1 -1 -1 
5| 0 0 0 0 0 0 0 -1 -1 -1 -1 -1 
6| 0 0 0 0 0 0 0 -1 -1 -1 -1 -1 
7| 0 0 0 0 0 0 0 0 -1 -1 -1 -1 
8| 0 0 0 0 0 0 0 0 0 -1 -1 -1 
9| 0 0 0 0 0 0 0 0 0 0 -1 -1 
10| 0 0 0 0 0 0 0 0 0 0 0 -1 
11| 0 0 0 0 0 0 0 0 0 0 0 0 
-----mpcase-----
   0 1 2 3 4 5 6 7 8 9 10 11 
--------------------------
0| 0 1 0 0 0 0 0 0 0 0 0 0 
1| 0 0 1 0 0 0 0 0 0 0 0 0 
2| 0 0 0 1 0 0 0 0 0 0 0 0 
3| 0 0 0 0 1 0 0 0 0 0 0 0 
4| 0 0 0 0 0 1 0 0 0 0 0 0 
5| 0 0 0 0 0 0 1 0 0 0 0 0 
6| 0 0 0 0 0 0 0 0 0 0 0 0 
7| 0 0 0 0 0 0 0 0 0 0 0 0 
8| 0 0 0 0 0 0 0 0 0 0 0 0 
9| 0 0 0 0 0 0 0 0 0 0 0 0 
10| 0 0 0 0 0 0 0 0 0 0 0 0 
11| 0 0 0 0 0 0 0 0 0 0 0 0 
-----mpsubchords-----
find max (6, 7)
-----mpnum-----
   0 1 2 3 4 5 6 7 8 9 10 11 
--------------------------
0| 0 0 -1 -1 -1 -1 -1 -1 -1 -1 -1 -1 
1| 0 0 0 -1 -1 -1 -1 -1 -1 -1 -1 -1 
2| 0 0 0 0 -1 -1 -1 -1 -1 -1 -1 -1 
3| 0 0 0 0 0 -1 -1 -1 -1 -1 -1 -1 
4| 0 0 0 0 0 0 -1 -1 -1 -1 -1 -1 
5| 0 0 0 0 0 0 0 -1 -1 -1 -1 -1 
6| 0 0 0 0 0 0 0 0 -1 -1 -1 -1 
7| 0 0 0 0 0 0 0 0 -1 -1 -1 -1 
8| 0 0 0 0 0 0 0 0 0 -1 -1 -1 
9| 0 0 0 0 0 0 0 0 0 0 -1 -1 
10| 0 0 0 0 0 0 0 0 0 0 0 -1 
11| 0 0 0 0 0 0 0 0 0 0 0 0 
-----mpcase-----
   0 1 2 3 4 5 6 7 8 9 10 11 
--------------------------
0| 0 1 0 0 0 0 0 0 0 0 0 0 
1| 0 0 1 0 0 0 0 0 0 0 0 0 
2| 0 0 0 1 0 0 0 0 0 0 0 0 
3| 0 0 0 0 1 0 0 0 0 0 0 0 
4| 0 0 0 0 0 1 0 0 0 0 0 0 
5| 0 0 0 0 0 0 1 0 0 0 0 0 
6| 0 0 0 0 0 0 0 1 0 0 0 0 
7| 0 0 0 0 0 0 0 0 0 0 0 0 
8| 0 0 0 0 0 0 0 0 0 0 0 0 
9| 0 0 0 0 0 0 0 0 0 0 0 0 
10| 0 0 0 0 0 0 0 0 0 0 0 0 
11| 0 0 0 0 0 0 0 0 0 0 0 0 
-----mpsubchords-----
find max (7, 8)
-----mpnum-----
   0 1 2 3 4 5 6 7 8 9 10 11 
--------------------------
0| 0 0 -1 -1 -1 -1 -1 -1 -1 -1 -1 -1 
1| 0 0 0 -1 -1 -1 -1 -1 -1 -1 -1 -1 
2| 0 0 0 0 -1 -1 -1 -1 -1 -1 -1 -1 
3| 0 0 0 0 0 -1 -1 -1 -1 -1 -1 -1 
4| 0 0 0 0 0 0 -1 -1 -1 -1 -1 -1 
5| 0 0 0 0 0 0 0 -1 -1 -1 -1 -1 
6| 0 0 0 0 0 0 0 0 -1 -1 -1 -1 
7| 0 0 0 0 0 0 0 0 0 -1 -1 -1 
8| 0 0 0 0 0 0 0 0 0 -1 -1 -1 
9| 0 0 0 0 0 0 0 0 0 0 -1 -1 
10| 0 0 0 0 0 0 0 0 0 0 0 -1 
11| 0 0 0 0 0 0 0 0 0 0 0 0 
-----mpcase-----
   0 1 2 3 4 5 6 7 8 9 10 11 
--------------------------
0| 0 1 0 0 0 0 0 0 0 0 0 0 
1| 0 0 1 0 0 0 0 0 0 0 0 0 
2| 0 0 0 1 0 0 0 0 0 0 0 0 
3| 0 0 0 0 1 0 0 0 0 0 0 0 
4| 0 0 0 0 0 1 0 0 0 0 0 0 
5| 0 0 0 0 0 0 1 0 0 0 0 0 
6| 0 0 0 0 0 0 0 1 0 0 0 0 
7| 0 0 0 0 0 0 0 0 1 0 0 0 
8| 0 0 0 0 0 0 0 0 0 0 0 0 
9| 0 0 0 0 0 0 0 0 0 0 0 0 
10| 0 0 0 0 0 0 0 0 0 0 0 0 
11| 0 0 0 0 0 0 0 0 0 0 0 0 
-----mpsubchords-----
find max (8, 9)
-----mpnum-----
   0 1 2 3 4 5 6 7 8 9 10 11 
--------------------------
0| 0 0 -1 -1 -1 -1 -1 -1 -1 -1 -1 -1 
1| 0 0 0 -1 -1 -1 -1 -1 -1 -1 -1 -1 
2| 0 0 0 0 -1 -1 -1 -1 -1 -1 -1 -1 
3| 0 0 0 0 0 -1 -1 -1 -1 -1 -1 -1 
4| 0 0 0 0 0 0 -1 -1 -1 -1 -1 -1 
5| 0 0 0 0 0 0 0 -1 -1 -1 -1 -1 
6| 0 0 0 0 0 0 0 0 -1 -1 -1 -1 
7| 0 0 0 0 0 0 0 0 0 -1 -1 -1 
8| 0 0 0 0 0 0 0 0 0 0 -1 -1 
9| 0 0 0 0 0 0 0 0 0 0 -1 -1 
10| 0 0 0 0 0 0 0 0 0 0 0 -1 
11| 0 0 0 0 0 0 0 0 0 0 0 0 
-----mpcase-----
   0 1 2 3 4 5 6 7 8 9 10 11 
--------------------------
0| 0 1 0 0 0 0 0 0 0 0 0 0 
1| 0 0 1 0 0 0 0 0 0 0 0 0 
2| 0 0 0 1 0 0 0 0 0 0 0 0 
3| 0 0 0 0 1 0 0 0 0 0 0 0 
4| 0 0 0 0 0 1 0 0 0 0 0 0 
5| 0 0 0 0 0 0 1 0 0 0 0 0 
6| 0 0 0 0 0 0 0 1 0 0 0 0 
7| 0 0 0 0 0 0 0 0 1 0 0 0 
8| 0 0 0 0 0 0 0 0 0 1 0 0 
9| 0 0 0 0 0 0 0 0 0 0 0 0 
10| 0 0 0 0 0 0 0 0 0 0 0 0 
11| 0 0 0 0 0 0 0 0 0 0 0 0 
-----mpsubchords-----
find max (9, 10)
-----mpnum-----
   0 1 2 3 4 5 6 7 8 9 10 11 
--------------------------
0| 0 0 -1 -1 -1 -1 -1 -1 -1 -1 -1 -1 
1| 0 0 0 -1 -1 -1 -1 -1 -1 -1 -1 -1 
2| 0 0 0 0 -1 -1 -1 -1 -1 -1 -1 -1 
3| 0 0 0 0 0 -1 -1 -1 -1 -1 -1 -1 
4| 0 0 0 0 0 0 -1 -1 -1 -1 -1 -1 
5| 0 0 0 0 0 0 0 -1 -1 -1 -1 -1 
6| 0 0 0 0 0 0 0 0 -1 -1 -1 -1 
7| 0 0 0 0 0 0 0 0 0 -1 -1 -1 
8| 0 0 0 0 0 0 0 0 0 0 -1 -1 
9| 0 0 0 0 0 0 0 0 0 0 0 -1 
10| 0 0 0 0 0 0 0 0 0 0 0 -1 
11| 0 0 0 0 0 0 0 0 0 0 0 0 
-----mpcase-----
   0 1 2 3 4 5 6 7 8 9 10 11 
--------------------------
0| 0 1 0 0 0 0 0 0 0 0 0 0 
1| 0 0 1 0 0 0 0 0 0 0 0 0 
2| 0 0 0 1 0 0 0 0 0 0 0 0 
3| 0 0 0 0 1 0 0 0 0 0 0 0 
4| 0 0 0 0 0 1 0 0 0 0 0 0 
5| 0 0 0 0 0 0 1 0 0 0 0 0 
6| 0 0 0 0 0 0 0 1 0 0 0 0 
7| 0 0 0 0 0 0 0 0 1 0 0 0 
8| 0 0 0 0 0 0 0 0 0 1 0 0 
9| 0 0 0 0 0 0 0 0 0 0 1 0 
10| 0 0 0 0 0 0 0 0 0 0 0 0 
11| 0 0 0 0 0 0 0 0 0 0 0 0 
-----mpsubchords-----
find max (10, 11)
-----mpnum-----
   0 1 2 3 4 5 6 7 8 9 10 11 
--------------------------
0| 0 0 -1 -1 -1 -1 -1 -1 -1 -1 -1 -1 
1| 0 0 0 -1 -1 -1 -1 -1 -1 -1 -1 -1 
2| 0 0 0 0 -1 -1 -1 -1 -1 -1 -1 -1 
3| 0 0 0 0 0 -1 -1 -1 -1 -1 -1 -1 
4| 0 0 0 0 0 0 -1 -1 -1 -1 -1 -1 
5| 0 0 0 0 0 0 0 -1 -1 -1 -1 -1 
6| 0 0 0 0 0 0 0 0 -1 -1 -1 -1 
7| 0 0 0 0 0 0 0 0 0 -1 -1 -1 
8| 0 0 0 0 0 0 0 0 0 0 -1 -1 
9| 0 0 0 0 0 0 0 0 0 0 0 -1 
10| 0 0 0 0 0 0 0 0 0 0 0 0 
11| 0 0 0 0 0 0 0 0 0 0 0 0 
-----mpcase-----
   0 1 2 3 4 5 6 7 8 9 10 11 
--------------------------
0| 0 1 0 0 0 0 0 0 0 0 0 0 
1| 0 0 1 0 0 0 0 0 0 0 0 0 
2| 0 0 0 1 0 0 0 0 0 0 0 0 
3| 0 0 0 0 1 0 0 0 0 0 0 0 
4| 0 0 0 0 0 1 0 0 0 0 0 0 
5| 0 0 0 0 0 0 1 0 0 0 0 0 
6| 0 0 0 0 0 0 0 1 0 0 0 0 
7| 0 0 0 0 0 0 0 0 1 0 0 0 
8| 0 0 0 0 0 0 0 0 0 1 0 0 
9| 0 0 0 0 0 0 0 0 0 0 1 0 
10| 0 0 0 0 0 0 0 0 0 0 0 1 
11| 0 0 0 0 0 0 0 0 0 0 0 0 
-----mpsubchords-----
find max (0, 2)
-----mpnum-----
   0 1 2 3 4 5 6 7 8 9 10 11 
--------------------------
0| 0 0 0 -1 -1 -1 -1 -1 -1 -1 -1 -1 
1| 0 0 0 -1 -1 -1 -1 -1 -1 -1 -1 -1 
2| 0 0 0 0 -1 -1 -1 -1 -1 -1 -1 -1 
3| 0 0 0 0 0 -1 -1 -1 -1 -1 -1 -1 
4| 0 0 0 0 0 0 -1 -1 -1 -1 -1 -1 
5| 0 0 0 0 0 0 0 -1 -1 -1 -1 -1 
6| 0 0 0 0 0 0 0 0 -1 -1 -1 -1 
7| 0 0 0 0 0 0 0 0 0 -1 -1 -1 
8| 0 0 0 0 0 0 0 0 0 0 -1 -1 
9| 0 0 0 0 0 0 0 0 0 0 0 -1 
10| 0 0 0 0 0 0 0 0 0 0 0 0 
11| 0 0 0 0 0 0 0 0 0 0 0 0 
-----mpcase-----
   0 1 2 3 4 5 6 7 8 9 10 11 
--------------------------
0| 0 1 1 0 0 0 0 0 0 0 0 0 
1| 0 0 1 0 0 0 0 0 0 0 0 0 
2| 0 0 0 1 0 0 0 0 0 0 0 0 
3| 0 0 0 0 1 0 0 0 0 0 0 0 
4| 0 0 0 0 0 1 0 0 0 0 0 0 
5| 0 0 0 0 0 0 1 0 0 0 0 0 
6| 0 0 0 0 0 0 0 1 0 0 0 0 
7| 0 0 0 0 0 0 0 0 1 0 0 0 
8| 0 0 0 0 0 0 0 0 0 1 0 0 
9| 0 0 0 0 0 0 0 0 0 0 1 0 
10| 0 0 0 0 0 0 0 0 0 0 0 1 
11| 0 0 0 0 0 0 0 0 0 0 0 0 
-----mpsubchords-----
find max (1, 3)
-----mpnum-----
   0 1 2 3 4 5 6 7 8 9 10 11 
--------------------------
0| 0 0 0 -1 -1 -1 -1 -1 -1 -1 -1 -1 
1| 0 0 0 0 -1 -1 -1 -1 -1 -1 -1 -1 
2| 0 0 0 0 -1 -1 -1 -1 -1 -1 -1 -1 
3| 0 0 0 0 0 -1 -1 -1 -1 -1 -1 -1 
4| 0 0 0 0 0 0 -1 -1 -1 -1 -1 -1 
5| 0 0 0 0 0 0 0 -1 -1 -1 -1 -1 
6| 0 0 0 0 0 0 0 0 -1 -1 -1 -1 
7| 0 0 0 0 0 0 0 0 0 -1 -1 -1 
8| 0 0 0 0 0 0 0 0 0 0 -1 -1 
9| 0 0 0 0 0 0 0 0 0 0 0 -1 
10| 0 0 0 0 0 0 0 0 0 0 0 0 
11| 0 0 0 0 0 0 0 0 0 0 0 0 
-----mpcase-----
   0 1 2 3 4 5 6 7 8 9 10 11 
--------------------------
0| 0 1 1 0 0 0 0 0 0 0 0 0 
1| 0 0 1 1 0 0 0 0 0 0 0 0 
2| 0 0 0 1 0 0 0 0 0 0 0 0 
3| 0 0 0 0 1 0 0 0 0 0 0 0 
4| 0 0 0 0 0 1 0 0 0 0 0 0 
5| 0 0 0 0 0 0 1 0 0 0 0 0 
6| 0 0 0 0 0 0 0 1 0 0 0 0 
7| 0 0 0 0 0 0 0 0 1 0 0 0 
8| 0 0 0 0 0 0 0 0 0 1 0 0 
9| 0 0 0 0 0 0 0 0 0 0 1 0 
10| 0 0 0 0 0 0 0 0 0 0 0 1 
11| 0 0 0 0 0 0 0 0 0 0 0 0 
-----mpsubchords-----
find max (2, 4)
-----mpnum-----
   0 1 2 3 4 5 6 7 8 9 10 11 
--------------------------
0| 0 0 0 -1 -1 -1 -1 -1 -1 -1 -1 -1 
1| 0 0 0 0 -1 -1 -1 -1 -1 -1 -1 -1 
2| 0 0 0 0 0 -1 -1 -1 -1 -1 -1 -1 
3| 0 0 0 0 0 -1 -1 -1 -1 -1 -1 -1 
4| 0 0 0 0 0 0 -1 -1 -1 -1 -1 -1 
5| 0 0 0 0 0 0 0 -1 -1 -1 -1 -1 
6| 0 0 0 0 0 0 0 0 -1 -1 -1 -1 
7| 0 0 0 0 0 0 0 0 0 -1 -1 -1 
8| 0 0 0 0 0 0 0 0 0 0 -1 -1 
9| 0 0 0 0 0 0 0 0 0 0 0 -1 
10| 0 0 0 0 0 0 0 0 0 0 0 0 
11| 0 0 0 0 0 0 0 0 0 0 0 0 
-----mpcase-----
   0 1 2 3 4 5 6 7 8 9 10 11 
--------------------------
0| 0 1 1 0 0 0 0 0 0 0 0 0 
1| 0 0 1 1 0 0 0 0 0 0 0 0 
2| 0 0 0 1 1 0 0 0 0 0 0 0 
3| 0 0 0 0 1 0 0 0 0 0 0 0 
4| 0 0 0 0 0 1 0 0 0 0 0 0 
5| 0 0 0 0 0 0 1 0 0 0 0 0 
6| 0 0 0 0 0 0 0 1 0 0 0 0 
7| 0 0 0 0 0 0 0 0 1 0 0 0 
8| 0 0 0 0 0 0 0 0 0 1 0 0 
9| 0 0 0 0 0 0 0 0 0 0 1 0 
10| 0 0 0 0 0 0 0 0 0 0 0 1 
11| 0 0 0 0 0 0 0 0 0 0 0 0 
-----mpsubchords-----
find max (3, 5)
-----mpnum-----
   0 1 2 3 4 5 6 7 8 9 10 11 
--------------------------
0| 0 0 0 -1 -1 -1 -1 -1 -1 -1 -1 -1 
1| 0 0 0 0 -1 -1 -1 -1 -1 -1 -1 -1 
2| 0 0 0 0 0 -1 -1 -1 -1 -1 -1 -1 
3| 0 0 0 0 0 0 -1 -1 -1 -1 -1 -1 
4| 0 0 0 0 0 0 -1 -1 -1 -1 -1 -1 
5| 0 0 0 0 0 0 0 -1 -1 -1 -1 -1 
6| 0 0 0 0 0 0 0 0 -1 -1 -1 -1 
7| 0 0 0 0 0 0 0 0 0 -1 -1 -1 
8| 0 0 0 0 0 0 0 0 0 0 -1 -1 
9| 0 0 0 0 0 0 0 0 0 0 0 -1 
10| 0 0 0 0 0 0 0 0 0 0 0 0 
11| 0 0 0 0 0 0 0 0 0 0 0 0 
-----mpcase-----
   0 1 2 3 4 5 6 7 8 9 10 11 
--------------------------
0| 0 1 1 0 0 0 0 0 0 0 0 0 
1| 0 0 1 1 0 0 0 0 0 0 0 0 
2| 0 0 0 1 1 0 0 0 0 0 0 0 
3| 0 0 0 0 1 1 0 0 0 0 0 0 
4| 0 0 0 0 0 1 0 0 0 0 0 0 
5| 0 0 0 0 0 0 1 0 0 0 0 0 
6| 0 0 0 0 0 0 0 1 0 0 0 0 
7| 0 0 0 0 0 0 0 0 1 0 0 0 
8| 0 0 0 0 0 0 0 0 0 1 0 0 
9| 0 0 0 0 0 0 0 0 0 0 1 0 
10| 0 0 0 0 0 0 0 0 0 0 0 1 
11| 0 0 0 0 0 0 0 0 0 0 0 0 
-----mpsubchords-----
find max (4, 6)
-----mpnum-----
   0 1 2 3 4 5 6 7 8 9 10 11 
--------------------------
0| 0 0 0 -1 -1 -1 -1 -1 -1 -1 -1 -1 
1| 0 0 0 0 -1 -1 -1 -1 -1 -1 -1 -1 
2| 0 0 0 0 0 -1 -1 -1 -1 -1 -1 -1 
3| 0 0 0 0 0 0 -1 -1 -1 -1 -1 -1 
4| 0 0 0 0 0 0 0 -1 -1 -1 -1 -1 
5| 0 0 0 0 0 0 0 -1 -1 -1 -1 -1 
6| 0 0 0 0 0 0 0 0 -1 -1 -1 -1 
7| 0 0 0 0 0 0 0 0 0 -1 -1 -1 
8| 0 0 0 0 0 0 0 0 0 0 -1 -1 
9| 0 0 0 0 0 0 0 0 0 0 0 -1 
10| 0 0 0 0 0 0 0 0 0 0 0 0 
11| 0 0 0 0 0 0 0 0 0 0 0 0 
-----mpcase-----
   0 1 2 3 4 5 6 7 8 9 10 11 
--------------------------
0| 0 1 1 0 0 0 0 0 0 0 0 0 
1| 0 0 1 1 0 0 0 0 0 0 0 0 
2| 0 0 0 1 1 0 0 0 0 0 0 0 
3| 0 0 0 0 1 1 0 0 0 0 0 0 
4| 0 0 0 0 0 1 1 0 0 0 0 0 
5| 0 0 0 0 0 0 1 0 0 0 0 0 
6| 0 0 0 0 0 0 0 1 0 0 0 0 
7| 0 0 0 0 0 0 0 0 1 0 0 0 
8| 0 0 0 0 0 0 0 0 0 1 0 0 
9| 0 0 0 0 0 0 0 0 0 0 1 0 
10| 0 0 0 0 0 0 0 0 0 0 0 1 
11| 0 0 0 0 0 0 0 0 0 0 0 0 
-----mpsubchords-----
find max (5, 7)
-----mpnum-----
   0 1 2 3 4 5 6 7 8 9 10 11 
--------------------------
0| 0 0 0 -1 -1 -1 -1 -1 -1 -1 -1 -1 
1| 0 0 0 0 -1 -1 -1 -1 -1 -1 -1 -1 
2| 0 0 0 0 0 -1 -1 -1 -1 -1 -1 -1 
3| 0 0 0 0 0 0 -1 -1 -1 -1 -1 -1 
4| 0 0 0 0 0 0 0 -1 -1 -1 -1 -1 
5| 0 0 0 0 0 0 0 1 -1 -1 -1 -1 
6| 0 0 0 0 0 0 0 0 -1 -1 -1 -1 
7| 0 0 0 0 0 0 0 0 0 -1 -1 -1 
8| 0 0 0 0 0 0 0 0 0 0 -1 -1 
9| 0 0 0 0 0 0 0 0 0 0 0 -1 
10| 0 0 0 0 0 0 0 0 0 0 0 0 
11| 0 0 0 0 0 0 0 0 0 0 0 0 
-----mpcase-----
   0 1 2 3 4 5 6 7 8 9 10 11 
--------------------------
0| 0 1 1 0 0 0 0 0 0 0 0 0 
1| 0 0 1 1 0 0 0 0 0 0 0 0 
2| 0 0 0 1 1 0 0 0 0 0 0 0 
3| 0 0 0 0 1 1 0 0 0 0 0 0 
4| 0 0 0 0 0 1 1 0 0 0 0 0 
5| 0 0 0 0 0 0 1 3 0 0 0 0 
6| 0 0 0 0 0 0 0 1 0 0 0 0 
7| 0 0 0 0 0 0 0 0 1 0 0 0 
8| 0 0 0 0 0 0 0 0 0 1 0 0 
9| 0 0 0 0 0 0 0 0 0 0 1 0 
10| 0 0 0 0 0 0 0 0 0 0 0 1 
11| 0 0 0 0 0 0 0 0 0 0 0 0 
-----mpsubchords-----
find max (6, 8)
-----mpnum-----
   0 1 2 3 4 5 6 7 8 9 10 11 
--------------------------
0| 0 0 0 -1 -1 -1 -1 -1 -1 -1 -1 -1 
1| 0 0 0 0 -1 -1 -1 -1 -1 -1 -1 -1 
2| 0 0 0 0 0 -1 -1 -1 -1 -1 -1 -1 
3| 0 0 0 0 0 0 -1 -1 -1 -1 -1 -1 
4| 0 0 0 0 0 0 0 -1 -1 -1 -1 -1 
5| 0 0 0 0 0 0 0 1 -1 -1 -1 -1 
6| 0 0 0 0 0 0 0 0 0 -1 -1 -1 
7| 0 0 0 0 0 0 0 0 0 -1 -1 -1 
8| 0 0 0 0 0 0 0 0 0 0 -1 -1 
9| 0 0 0 0 0 0 0 0 0 0 0 -1 
10| 0 0 0 0 0 0 0 0 0 0 0 0 
11| 0 0 0 0 0 0 0 0 0 0 0 0 
-----mpcase-----
   0 1 2 3 4 5 6 7 8 9 10 11 
--------------------------
0| 0 1 1 0 0 0 0 0 0 0 0 0 
1| 0 0 1 1 0 0 0 0 0 0 0 0 
2| 0 0 0 1 1 0 0 0 0 0 0 0 
3| 0 0 0 0 1 1 0 0 0 0 0 0 
4| 0 0 0 0 0 1 1 0 0 0 0 0 
5| 0 0 0 0 0 0 1 3 0 0 0 0 
6| 0 0 0 0 0 0 0 1 1 0 0 0 
7| 0 0 0 0 0 0 0 0 1 0 0 0 
8| 0 0 0 0 0 0 0 0 0 1 0 0 
9| 0 0 0 0 0 0 0 0 0 0 1 0 
10| 0 0 0 0 0 0 0 0 0 0 0 1 
11| 0 0 0 0 0 0 0 0 0 0 0 0 
-----mpsubchords-----
find max (7, 9)
-----mpnum-----
   0 1 2 3 4 5 6 7 8 9 10 11 
--------------------------
0| 0 0 0 -1 -1 -1 -1 -1 -1 -1 -1 -1 
1| 0 0 0 0 -1 -1 -1 -1 -1 -1 -1 -1 
2| 0 0 0 0 0 -1 -1 -1 -1 -1 -1 -1 
3| 0 0 0 0 0 0 -1 -1 -1 -1 -1 -1 
4| 0 0 0 0 0 0 0 -1 -1 -1 -1 -1 
5| 0 0 0 0 0 0 0 1 -1 -1 -1 -1 
6| 0 0 0 0 0 0 0 0 0 -1 -1 -1 
7| 0 0 0 0 0 0 0 0 0 0 -1 -1 
8| 0 0 0 0 0 0 0 0 0 0 -1 -1 
9| 0 0 0 0 0 0 0 0 0 0 0 -1 
10| 0 0 0 0 0 0 0 0 0 0 0 0 
11| 0 0 0 0 0 0 0 0 0 0 0 0 
-----mpcase-----
   0 1 2 3 4 5 6 7 8 9 10 11 
--------------------------
0| 0 1 1 0 0 0 0 0 0 0 0 0 
1| 0 0 1 1 0 0 0 0 0 0 0 0 
2| 0 0 0 1 1 0 0 0 0 0 0 0 
3| 0 0 0 0 1 1 0 0 0 0 0 0 
4| 0 0 0 0 0 1 1 0 0 0 0 0 
5| 0 0 0 0 0 0 1 3 0 0 0 0 
6| 0 0 0 0 0 0 0 1 1 0 0 0 
7| 0 0 0 0 0 0 0 0 1 1 0 0 
8| 0 0 0 0 0 0 0 0 0 1 0 0 
9| 0 0 0 0 0 0 0 0 0 0 1 0 
10| 0 0 0 0 0 0 0 0 0 0 0 1 
11| 0 0 0 0 0 0 0 0 0 0 0 0 
-----mpsubchords-----
find max (8, 10)
-----mpnum-----
   0 1 2 3 4 5 6 7 8 9 10 11 
--------------------------
0| 0 0 0 -1 -1 -1 -1 -1 -1 -1 -1 -1 
1| 0 0 0 0 -1 -1 -1 -1 -1 -1 -1 -1 
2| 0 0 0 0 0 -1 -1 -1 -1 -1 -1 -1 
3| 0 0 0 0 0 0 -1 -1 -1 -1 -1 -1 
4| 0 0 0 0 0 0 0 -1 -1 -1 -1 -1 
5| 0 0 0 0 0 0 0 1 -1 -1 -1 -1 
6| 0 0 0 0 0 0 0 0 0 -1 -1 -1 
7| 0 0 0 0 0 0 0 0 0 0 -1 -1 
8| 0 0 0 0 0 0 0 0 0 0 0 -1 
9| 0 0 0 0 0 0 0 0 0 0 0 -1 
10| 0 0 0 0 0 0 0 0 0 0 0 0 
11| 0 0 0 0 0 0 0 0 0 0 0 0 
-----mpcase-----
   0 1 2 3 4 5 6 7 8 9 10 11 
--------------------------
0| 0 1 1 0 0 0 0 0 0 0 0 0 
1| 0 0 1 1 0 0 0 0 0 0 0 0 
2| 0 0 0 1 1 0 0 0 0 0 0 0 
3| 0 0 0 0 1 1 0 0 0 0 0 0 
4| 0 0 0 0 0 1 1 0 0 0 0 0 
5| 0 0 0 0 0 0 1 3 0 0 0 0 
6| 0 0 0 0 0 0 0 1 1 0 0 0 
7| 0 0 0 0 0 0 0 0 1 1 0 0 
8| 0 0 0 0 0 0 0 0 0 1 1 0 
9| 0 0 0 0 0 0 0 0 0 0 1 0 
10| 0 0 0 0 0 0 0 0 0 0 0 1 
11| 0 0 0 0 0 0 0 0 0 0 0 0 
-----mpsubchords-----
find max (9, 11)
-----mpnum-----
   0 1 2 3 4 5 6 7 8 9 10 11 
--------------------------
0| 0 0 0 -1 -1 -1 -1 -1 -1 -1 -1 -1 
1| 0 0 0 0 -1 -1 -1 -1 -1 -1 -1 -1 
2| 0 0 0 0 0 -1 -1 -1 -1 -1 -1 -1 
3| 0 0 0 0 0 0 -1 -1 -1 -1 -1 -1 
4| 0 0 0 0 0 0 0 -1 -1 -1 -1 -1 
5| 0 0 0 0 0 0 0 1 -1 -1 -1 -1 
6| 0 0 0 0 0 0 0 0 0 -1 -1 -1 
7| 0 0 0 0 0 0 0 0 0 0 -1 -1 
8| 0 0 0 0 0 0 0 0 0 0 0 -1 
9| 0 0 0 0 0 0 0 0 0 0 0 0 
10| 0 0 0 0 0 0 0 0 0 0 0 0 
11| 0 0 0 0 0 0 0 0 0 0 0 0 
-----mpcase-----
   0 1 2 3 4 5 6 7 8 9 10 11 
--------------------------
0| 0 1 1 0 0 0 0 0 0 0 0 0 
1| 0 0 1 1 0 0 0 0 0 0 0 0 
2| 0 0 0 1 1 0 0 0 0 0 0 0 
3| 0 0 0 0 1 1 0 0 0 0 0 0 
4| 0 0 0 0 0 1 1 0 0 0 0 0 
5| 0 0 0 0 0 0 1 3 0 0 0 0 
6| 0 0 0 0 0 0 0 1 1 0 0 0 
7| 0 0 0 0 0 0 0 0 1 1 0 0 
8| 0 0 0 0 0 0 0 0 0 1 1 0 
9| 0 0 0 0 0 0 0 0 0 0 1 1 
10| 0 0 0 0 0 0 0 0 0 0 0 1 
11| 0 0 0 0 0 0 0 0 0 0 0 0 
-----mpsubchords-----
find max (0, 3)
-----mpnum-----
   0 1 2 3 4 5 6 7 8 9 10 11 
--------------------------
0| 0 0 0 0 -1 -1 -1 -1 -1 -1 -1 -1 
1| 0 0 0 0 -1 -1 -1 -1 -1 -1 -1 -1 
2| 0 0 0 0 0 -1 -1 -1 -1 -1 -1 -1 
3| 0 0 0 0 0 0 -1 -1 -1 -1 -1 -1 
4| 0 0 0 0 0 0 0 -1 -1 -1 -1 -1 
5| 0 0 0 0 0 0 0 1 -1 -1 -1 -1 
6| 0 0 0 0 0 0 0 0 0 -1 -1 -1 
7| 0 0 0 0 0 0 0 0 0 0 -1 -1 
8| 0 0 0 0 0 0 0 0 0 0 0 -1 
9| 0 0 0 0 0 0 0 0 0 0 0 0 
10| 0 0 0 0 0 0 0 0 0 0 0 0 
11| 0 0 0 0 0 0 0 0 0 0 0 0 
-----mpcase-----
   0 1 2 3 4 5 6 7 8 9 10 11 
--------------------------
0| 0 1 1 1 0 0 0 0 0 0 0 0 
1| 0 0 1 1 0 0 0 0 0 0 0 0 
2| 0 0 0 1 1 0 0 0 0 0 0 0 
3| 0 0 0 0 1 1 0 0 0 0 0 0 
4| 0 0 0 0 0 1 1 0 0 0 0 0 
5| 0 0 0 0 0 0 1 3 0 0 0 0 
6| 0 0 0 0 0 0 0 1 1 0 0 0 
7| 0 0 0 0 0 0 0 0 1 1 0 0 
8| 0 0 0 0 0 0 0 0 0 1 1 0 
9| 0 0 0 0 0 0 0 0 0 0 1 1 
10| 0 0 0 0 0 0 0 0 0 0 0 1 
11| 0 0 0 0 0 0 0 0 0 0 0 0 
-----mpsubchords-----
find max (1, 4)
-----mpnum-----
   0 1 2 3 4 5 6 7 8 9 10 11 
--------------------------
0| 0 0 0 0 -1 -1 -1 -1 -1 -1 -1 -1 
1| 0 0 0 0 0 -1 -1 -1 -1 -1 -1 -1 
2| 0 0 0 0 0 -1 -1 -1 -1 -1 -1 -1 
3| 0 0 0 0 0 0 -1 -1 -1 -1 -1 -1 
4| 0 0 0 0 0 0 0 -1 -1 -1 -1 -1 
5| 0 0 0 0 0 0 0 1 -1 -1 -1 -1 
6| 0 0 0 0 0 0 0 0 0 -1 -1 -1 
7| 0 0 0 0 0 0 0 0 0 0 -1 -1 
8| 0 0 0 0 0 0 0 0 0 0 0 -1 
9| 0 0 0 0 0 0 0 0 0 0 0 0 
10| 0 0 0 0 0 0 0 0 0 0 0 0 
11| 0 0 0 0 0 0 0 0 0 0 0 0 
-----mpcase-----
   0 1 2 3 4 5 6 7 8 9 10 11 
--------------------------
0| 0 1 1 1 0 0 0 0 0 0 0 0 
1| 0 0 1 1 1 0 0 0 0 0 0 0 
2| 0 0 0 1 1 0 0 0 0 0 0 0 
3| 0 0 0 0 1 1 0 0 0 0 0 0 
4| 0 0 0 0 0 1 1 0 0 0 0 0 
5| 0 0 0 0 0 0 1 3 0 0 0 0 
6| 0 0 0 0 0 0 0 1 1 0 0 0 
7| 0 0 0 0 0 0 0 0 1 1 0 0 
8| 0 0 0 0 0 0 0 0 0 1 1 0 
9| 0 0 0 0 0 0 0 0 0 0 1 1 
10| 0 0 0 0 0 0 0 0 0 0 0 1 
11| 0 0 0 0 0 0 0 0 0 0 0 0 
-----mpsubchords-----
find max (2, 5)
-----mpnum-----
   0 1 2 3 4 5 6 7 8 9 10 11 
--------------------------
0| 0 0 0 0 -1 -1 -1 -1 -1 -1 -1 -1 
1| 0 0 0 0 0 -1 -1 -1 -1 -1 -1 -1 
2| 0 0 0 0 0 0 -1 -1 -1 -1 -1 -1 
3| 0 0 0 0 0 0 -1 -1 -1 -1 -1 -1 
4| 0 0 0 0 0 0 0 -1 -1 -1 -1 -1 
5| 0 0 0 0 0 0 0 1 -1 -1 -1 -1 
6| 0 0 0 0 0 0 0 0 0 -1 -1 -1 
7| 0 0 0 0 0 0 0 0 0 0 -1 -1 
8| 0 0 0 0 0 0 0 0 0 0 0 -1 
9| 0 0 0 0 0 0 0 0 0 0 0 0 
10| 0 0 0 0 0 0 0 0 0 0 0 0 
11| 0 0 0 0 0 0 0 0 0 0 0 0 
-----mpcase-----
   0 1 2 3 4 5 6 7 8 9 10 11 
--------------------------
0| 0 1 1 1 0 0 0 0 0 0 0 0 
1| 0 0 1 1 1 0 0 0 0 0 0 0 
2| 0 0 0 1 1 1 0 0 0 0 0 0 
3| 0 0 0 0 1 1 0 0 0 0 0 0 
4| 0 0 0 0 0 1 1 0 0 0 0 0 
5| 0 0 0 0 0 0 1 3 0 0 0 0 
6| 0 0 0 0 0 0 0 1 1 0 0 0 
7| 0 0 0 0 0 0 0 0 1 1 0 0 
8| 0 0 0 0 0 0 0 0 0 1 1 0 
9| 0 0 0 0 0 0 0 0 0 0 1 1 
10| 0 0 0 0 0 0 0 0 0 0 0 1 
11| 0 0 0 0 0 0 0 0 0 0 0 0 
-----mpsubchords-----
find max (3, 6)
-----mpnum-----
   0 1 2 3 4 5 6 7 8 9 10 11 
--------------------------
0| 0 0 0 0 -1 -1 -1 -1 -1 -1 -1 -1 
1| 0 0 0 0 0 -1 -1 -1 -1 -1 -1 -1 
2| 0 0 0 0 0 0 -1 -1 -1 -1 -1 -1 
3| 0 0 0 0 0 0 0 -1 -1 -1 -1 -1 
4| 0 0 0 0 0 0 0 -1 -1 -1 -1 -1 
5| 0 0 0 0 0 0 0 1 -1 -1 -1 -1 
6| 0 0 0 0 0 0 0 0 0 -1 -1 -1 
7| 0 0 0 0 0 0 0 0 0 0 -1 -1 
8| 0 0 0 0 0 0 0 0 0 0 0 -1 
9| 0 0 0 0 0 0 0 0 0 0 0 0 
10| 0 0 0 0 0 0 0 0 0 0 0 0 
11| 0 0 0 0 0 0 0 0 0 0 0 0 
-----mpcase-----
   0 1 2 3 4 5 6 7 8 9 10 11 
--------------------------
0| 0 1 1 1 0 0 0 0 0 0 0 0 
1| 0 0 1 1 1 0 0 0 0 0 0 0 
2| 0 0 0 1 1 1 0 0 0 0 0 0 
3| 0 0 0 0 1 1 1 0 0 0 0 0 
4| 0 0 0 0 0 1 1 0 0 0 0 0 
5| 0 0 0 0 0 0 1 3 0 0 0 0 
6| 0 0 0 0 0 0 0 1 1 0 0 0 
7| 0 0 0 0 0 0 0 0 1 1 0 0 
8| 0 0 0 0 0 0 0 0 0 1 1 0 
9| 0 0 0 0 0 0 0 0 0 0 1 1 
10| 0 0 0 0 0 0 0 0 0 0 0 1 
11| 0 0 0 0 0 0 0 0 0 0 0 0 
-----mpsubchords-----
find max (4, 7)
-----mpnum-----
   0 1 2 3 4 5 6 7 8 9 10 11 
--------------------------
0| 0 0 0 0 -1 -1 -1 -1 -1 -1 -1 -1 
1| 0 0 0 0 0 -1 -1 -1 -1 -1 -1 -1 
2| 0 0 0 0 0 0 -1 -1 -1 -1 -1 -1 
3| 0 0 0 0 0 0 0 -1 -1 -1 -1 -1 
4| 0 0 0 0 0 0 0 1 -1 -1 -1 -1 
5| 0 0 0 0 0 0 0 1 -1 -1 -1 -1 
6| 0 0 0 0 0 0 0 0 0 -1 -1 -1 
7| 0 0 0 0 0 0 0 0 0 0 -1 -1 
8| 0 0 0 0 0 0 0 0 0 0 0 -1 
9| 0 0 0 0 0 0 0 0 0 0 0 0 
10| 0 0 0 0 0 0 0 0 0 0 0 0 
11| 0 0 0 0 0 0 0 0 0 0 0 0 
-----mpcase-----
   0 1 2 3 4 5 6 7 8 9 10 11 
--------------------------
0| 0 1 1 1 0 0 0 0 0 0 0 0 
1| 0 0 1 1 1 0 0 0 0 0 0 0 
2| 0 0 0 1 1 1 0 0 0 0 0 0 
3| 0 0 0 0 1 1 1 0 0 0 0 0 
4| 0 0 0 0 0 1 1 2 0 0 0 0 
5| 0 0 0 0 0 0 1 3 0 0 0 0 
6| 0 0 0 0 0 0 0 1 1 0 0 0 
7| 0 0 0 0 0 0 0 0 1 1 0 0 
8| 0 0 0 0 0 0 0 0 0 1 1 0 
9| 0 0 0 0 0 0 0 0 0 0 1 1 
10| 0 0 0 0 0 0 0 0 0 0 0 1 
11| 0 0 0 0 0 0 0 0 0 0 0 0 
-----mpsubchords-----
find max (5, 8)
-----mpnum-----
   0 1 2 3 4 5 6 7 8 9 10 11 
--------------------------
0| 0 0 0 0 -1 -1 -1 -1 -1 -1 -1 -1 
1| 0 0 0 0 0 -1 -1 -1 -1 -1 -1 -1 
2| 0 0 0 0 0 0 -1 -1 -1 -1 -1 -1 
3| 0 0 0 0 0 0 0 -1 -1 -1 -1 -1 
4| 0 0 0 0 0 0 0 1 -1 -1 -1 -1 
5| 0 0 0 0 0 0 0 1 1 -1 -1 -1 
6| 0 0 0 0 0 0 0 0 0 -1 -1 -1 
7| 0 0 0 0 0 0 0 0 0 0 -1 -1 
8| 0 0 0 0 0 0 0 0 0 0 0 -1 
9| 0 0 0 0 0 0 0 0 0 0 0 0 
10| 0 0 0 0 0 0 0 0 0 0 0 0 
11| 0 0 0 0 0 0 0 0 0 0 0 0 
-----mpcase-----
   0 1 2 3 4 5 6 7 8 9 10 11 
--------------------------
0| 0 1 1 1 0 0 0 0 0 0 0 0 
1| 0 0 1 1 1 0 0 0 0 0 0 0 
2| 0 0 0 1 1 1 0 0 0 0 0 0 
3| 0 0 0 0 1 1 1 0 0 0 0 0 
4| 0 0 0 0 0 1 1 2 0 0 0 0 
5| 0 0 0 0 0 0 1 3 1 0 0 0 
6| 0 0 0 0 0 0 0 1 1 0 0 0 
7| 0 0 0 0 0 0 0 0 1 1 0 0 
8| 0 0 0 0 0 0 0 0 0 1 1 0 
9| 0 0 0 0 0 0 0 0 0 0 1 1 
10| 0 0 0 0 0 0 0 0 0 0 0 1 
11| 0 0 0 0 0 0 0 0 0 0 0 0 
-----mpsubchords-----
find max (6, 9)
-----mpnum-----
   0 1 2 3 4 5 6 7 8 9 10 11 
--------------------------
0| 0 0 0 0 -1 -1 -1 -1 -1 -1 -1 -1 
1| 0 0 0 0 0 -1 -1 -1 -1 -1 -1 -1 
2| 0 0 0 0 0 0 -1 -1 -1 -1 -1 -1 
3| 0 0 0 0 0 0 0 -1 -1 -1 -1 -1 
4| 0 0 0 0 0 0 0 1 -1 -1 -1 -1 
5| 0 0 0 0 0 0 0 1 1 -1 -1 -1 
6| 0 0 0 0 0 0 0 0 0 0 -1 -1 
7| 0 0 0 0 0 0 0 0 0 0 -1 -1 
8| 0 0 0 0 0 0 0 0 0 0 0 -1 
9| 0 0 0 0 0 0 0 0 0 0 0 0 
10| 0 0 0 0 0 0 0 0 0 0 0 0 
11| 0 0 0 0 0 0 0 0 0 0 0 0 
-----mpcase-----
   0 1 2 3 4 5 6 7 8 9 10 11 
--------------------------
0| 0 1 1 1 0 0 0 0 0 0 0 0 
1| 0 0 1 1 1 0 0 0 0 0 0 0 
2| 0 0 0 1 1 1 0 0 0 0 0 0 
3| 0 0 0 0 1 1 1 0 0 0 0 0 
4| 0 0 0 0 0 1 1 2 0 0 0 0 
5| 0 0 0 0 0 0 1 3 1 0 0 0 
6| 0 0 0 0 0 0 0 1 1 1 0 0 
7| 0 0 0 0 0 0 0 0 1 1 0 0 
8| 0 0 0 0 0 0 0 0 0 1 1 0 
9| 0 0 0 0 0 0 0 0 0 0 1 1 
10| 0 0 0 0 0 0 0 0 0 0 0 1 
11| 0 0 0 0 0 0 0 0 0 0 0 0 
-----mpsubchords-----
find max (7, 10)
-----mpnum-----
   0 1 2 3 4 5 6 7 8 9 10 11 
--------------------------
0| 0 0 0 0 -1 -1 -1 -1 -1 -1 -1 -1 
1| 0 0 0 0 0 -1 -1 -1 -1 -1 -1 -1 
2| 0 0 0 0 0 0 -1 -1 -1 -1 -1 -1 
3| 0 0 0 0 0 0 0 -1 -1 -1 -1 -1 
4| 0 0 0 0 0 0 0 1 -1 -1 -1 -1 
5| 0 0 0 0 0 0 0 1 1 -1 -1 -1 
6| 0 0 0 0 0 0 0 0 0 0 -1 -1 
7| 0 0 0 0 0 0 0 0 0 0 0 -1 
8| 0 0 0 0 0 0 0 0 0 0 0 -1 
9| 0 0 0 0 0 0 0 0 0 0 0 0 
10| 0 0 0 0 0 0 0 0 0 0 0 0 
11| 0 0 0 0 0 0 0 0 0 0 0 0 
-----mpcase-----
   0 1 2 3 4 5 6 7 8 9 10 11 
--------------------------
0| 0 1 1 1 0 0 0 0 0 0 0 0 
1| 0 0 1 1 1 0 0 0 0 0 0 0 
2| 0 0 0 1 1 1 0 0 0 0 0 0 
3| 0 0 0 0 1 1 1 0 0 0 0 0 
4| 0 0 0 0 0 1 1 2 0 0 0 0 
5| 0 0 0 0 0 0 1 3 1 0 0 0 
6| 0 0 0 0 0 0 0 1 1 1 0 0 
7| 0 0 0 0 0 0 0 0 1 1 1 0 
8| 0 0 0 0 0 0 0 0 0 1 1 0 
9| 0 0 0 0 0 0 0 0 0 0 1 1 
10| 0 0 0 0 0 0 0 0 0 0 0 1 
11| 0 0 0 0 0 0 0 0 0 0 0 0 
-----mpsubchords-----
find max (8, 11)
-----mpnum-----
   0 1 2 3 4 5 6 7 8 9 10 11 
--------------------------
0| 0 0 0 0 -1 -1 -1 -1 -1 -1 -1 -1 
1| 0 0 0 0 0 -1 -1 -1 -1 -1 -1 -1 
2| 0 0 0 0 0 0 -1 -1 -1 -1 -1 -1 
3| 0 0 0 0 0 0 0 -1 -1 -1 -1 -1 
4| 0 0 0 0 0 0 0 1 -1 -1 -1 -1 
5| 0 0 0 0 0 0 0 1 1 -1 -1 -1 
6| 0 0 0 0 0 0 0 0 0 0 -1 -1 
7| 0 0 0 0 0 0 0 0 0 0 0 -1 
8| 0 0 0 0 0 0 0 0 0 0 0 1 
9| 0 0 0 0 0 0 0 0 0 0 0 0 
10| 0 0 0 0 0 0 0 0 0 0 0 0 
11| 0 0 0 0 0 0 0 0 0 0 0 0 
-----mpcase-----
   0 1 2 3 4 5 6 7 8 9 10 11 
--------------------------
0| 0 1 1 1 0 0 0 0 0 0 0 0 
1| 0 0 1 1 1 0 0 0 0 0 0 0 
2| 0 0 0 1 1 1 0 0 0 0 0 0 
3| 0 0 0 0 1 1 1 0 0 0 0 0 
4| 0 0 0 0 0 1 1 2 0 0 0 0 
5| 0 0 0 0 0 0 1 3 1 0 0 0 
6| 0 0 0 0 0 0 0 1 1 1 0 0 
7| 0 0 0 0 0 0 0 0 1 1 1 0 
8| 0 0 0 0 0 0 0 0 0 1 1 3 
9| 0 0 0 0 0 0 0 0 0 0 1 1 
10| 0 0 0 0 0 0 0 0 0 0 0 1 
11| 0 0 0 0 0 0 0 0 0 0 0 0 
-----mpsubchords-----
find max (0, 4)
-----mpnum-----
   0 1 2 3 4 5 6 7 8 9 10 11 
--------------------------
0| 0 0 0 0 1 -1 -1 -1 -1 -1 -1 -1 
1| 0 0 0 0 0 -1 -1 -1 -1 -1 -1 -1 
2| 0 0 0 0 0 0 -1 -1 -1 -1 -1 -1 
3| 0 0 0 0 0 0 0 -1 -1 -1 -1 -1 
4| 0 0 0 0 0 0 0 1 -1 -1 -1 -1 
5| 0 0 0 0 0 0 0 1 1 -1 -1 -1 
6| 0 0 0 0 0 0 0 0 0 0 -1 -1 
7| 0 0 0 0 0 0 0 0 0 0 0 -1 
8| 0 0 0 0 0 0 0 0 0 0 0 1 
9| 0 0 0 0 0 0 0 0 0 0 0 0 
10| 0 0 0 0 0 0 0 0 0 0 0 0 
11| 0 0 0 0 0 0 0 0 0 0 0 0 
-----mpcase-----
   0 1 2 3 4 5 6 7 8 9 10 11 
--------------------------
0| 0 1 1 1 3 0 0 0 0 0 0 0 
1| 0 0 1 1 1 0 0 0 0 0 0 0 
2| 0 0 0 1 1 1 0 0 0 0 0 0 
3| 0 0 0 0 1 1 1 0 0 0 0 0 
4| 0 0 0 0 0 1 1 2 0 0 0 0 
5| 0 0 0 0 0 0 1 3 1 0 0 0 
6| 0 0 0 0 0 0 0 1 1 1 0 0 
7| 0 0 0 0 0 0 0 0 1 1 1 0 
8| 0 0 0 0 0 0 0 0 0 1 1 3 
9| 0 0 0 0 0 0 0 0 0 0 1 1 
10| 0 0 0 0 0 0 0 0 0 0 0 1 
11| 0 0 0 0 0 0 0 0 0 0 0 0 
-----mpsubchords-----
find max (1, 5)
-----mpnum-----
   0 1 2 3 4 5 6 7 8 9 10 11 
--------------------------
0| 0 0 0 0 1 -1 -1 -1 -1 -1 -1 -1 
1| 0 0 0 0 0 0 -1 -1 -1 -1 -1 -1 
2| 0 0 0 0 0 0 -1 -1 -1 -1 -1 -1 
3| 0 0 0 0 0 0 0 -1 -1 -1 -1 -1 
4| 0 0 0 0 0 0 0 1 -1 -1 -1 -1 
5| 0 0 0 0 0 0 0 1 1 -1 -1 -1 
6| 0 0 0 0 0 0 0 0 0 0 -1 -1 
7| 0 0 0 0 0 0 0 0 0 0 0 -1 
8| 0 0 0 0 0 0 0 0 0 0 0 1 
9| 0 0 0 0 0 0 0 0 0 0 0 0 
10| 0 0 0 0 0 0 0 0 0 0 0 0 
11| 0 0 0 0 0 0 0 0 0 0 0 0 
-----mpcase-----
   0 1 2 3 4 5 6 7 8 9 10 11 
--------------------------
0| 0 1 1 1 3 0 0 0 0 0 0 0 
1| 0 0 1 1 1 1 0 0 0 0 0 0 
2| 0 0 0 1 1 1 0 0 0 0 0 0 
3| 0 0 0 0 1 1 1 0 0 0 0 0 
4| 0 0 0 0 0 1 1 2 0 0 0 0 
5| 0 0 0 0 0 0 1 3 1 0 0 0 
6| 0 0 0 0 0 0 0 1 1 1 0 0 
7| 0 0 0 0 0 0 0 0 1 1 1 0 
8| 0 0 0 0 0 0 0 0 0 1 1 3 
9| 0 0 0 0 0 0 0 0 0 0 1 1 
10| 0 0 0 0 0 0 0 0 0 0 0 1 
11| 0 0 0 0 0 0 0 0 0 0 0 0 
-----mpsubchords-----
find max (2, 6)
-----mpnum-----
   0 1 2 3 4 5 6 7 8 9 10 11 
--------------------------
0| 0 0 0 0 1 -1 -1 -1 -1 -1 -1 -1 
1| 0 0 0 0 0 0 -1 -1 -1 -1 -1 -1 
2| 0 0 0 0 0 0 1 -1 -1 -1 -1 -1 
3| 0 0 0 0 0 0 0 -1 -1 -1 -1 -1 
4| 0 0 0 0 0 0 0 1 -1 -1 -1 -1 
5| 0 0 0 0 0 0 0 1 1 -1 -1 -1 
6| 0 0 0 0 0 0 0 0 0 0 -1 -1 
7| 0 0 0 0 0 0 0 0 0 0 0 -1 
8| 0 0 0 0 0 0 0 0 0 0 0 1 
9| 0 0 0 0 0 0 0 0 0 0 0 0 
10| 0 0 0 0 0 0 0 0 0 0 0 0 
11| 0 0 0 0 0 0 0 0 0 0 0 0 
-----mpcase-----
   0 1 2 3 4 5 6 7 8 9 10 11 
--------------------------
0| 0 1 1 1 3 0 0 0 0 0 0 0 
1| 0 0 1 1 1 1 0 0 0 0 0 0 
2| 0 0 0 1 1 1 3 0 0 0 0 0 
3| 0 0 0 0 1 1 1 0 0 0 0 0 
4| 0 0 0 0 0 1 1 2 0 0 0 0 
5| 0 0 0 0 0 0 1 3 1 0 0 0 
6| 0 0 0 0 0 0 0 1 1 1 0 0 
7| 0 0 0 0 0 0 0 0 1 1 1 0 
8| 0 0 0 0 0 0 0 0 0 1 1 3 
9| 0 0 0 0 0 0 0 0 0 0 1 1 
10| 0 0 0 0 0 0 0 0 0 0 0 1 
11| 0 0 0 0 0 0 0 0 0 0 0 0 
-----mpsubchords-----
find max (3, 7)
-----mpnum-----
   0 1 2 3 4 5 6 7 8 9 10 11 
--------------------------
0| 0 0 0 0 1 -1 -1 -1 -1 -1 -1 -1 
1| 0 0 0 0 0 0 -1 -1 -1 -1 -1 -1 
2| 0 0 0 0 0 0 1 -1 -1 -1 -1 -1 
3| 0 0 0 0 0 0 0 1 -1 -1 -1 -1 
4| 0 0 0 0 0 0 0 1 -1 -1 -1 -1 
5| 0 0 0 0 0 0 0 1 1 -1 -1 -1 
6| 0 0 0 0 0 0 0 0 0 0 -1 -1 
7| 0 0 0 0 0 0 0 0 0 0 0 -1 
8| 0 0 0 0 0 0 0 0 0 0 0 1 
9| 0 0 0 0 0 0 0 0 0 0 0 0 
10| 0 0 0 0 0 0 0 0 0 0 0 0 
11| 0 0 0 0 0 0 0 0 0 0 0 0 
-----mpcase-----
   0 1 2 3 4 5 6 7 8 9 10 11 
--------------------------
0| 0 1 1 1 3 0 0 0 0 0 0 0 
1| 0 0 1 1 1 1 0 0 0 0 0 0 
2| 0 0 0 1 1 1 3 0 0 0 0 0 
3| 0 0 0 0 1 1 1 2 0 0 0 0 
4| 0 0 0 0 0 1 1 2 0 0 0 0 
5| 0 0 0 0 0 0 1 3 1 0 0 0 
6| 0 0 0 0 0 0 0 1 1 1 0 0 
7| 0 0 0 0 0 0 0 0 1 1 1 0 
8| 0 0 0 0 0 0 0 0 0 1 1 3 
9| 0 0 0 0 0 0 0 0 0 0 1 1 
10| 0 0 0 0 0 0 0 0 0 0 0 1 
11| 0 0 0 0 0 0 0 0 0 0 0 0 
-----mpsubchords-----
find max (4, 8)
-----mpnum-----
   0 1 2 3 4 5 6 7 8 9 10 11 
--------------------------
0| 0 0 0 0 1 -1 -1 -1 -1 -1 -1 -1 
1| 0 0 0 0 0 0 -1 -1 -1 -1 -1 -1 
2| 0 0 0 0 0 0 1 -1 -1 -1 -1 -1 
3| 0 0 0 0 0 0 0 1 -1 -1 -1 -1 
4| 0 0 0 0 0 0 0 1 1 -1 -1 -1 
5| 0 0 0 0 0 0 0 1 1 -1 -1 -1 
6| 0 0 0 0 0 0 0 0 0 0 -1 -1 
7| 0 0 0 0 0 0 0 0 0 0 0 -1 
8| 0 0 0 0 0 0 0 0 0 0 0 1 
9| 0 0 0 0 0 0 0 0 0 0 0 0 
10| 0 0 0 0 0 0 0 0 0 0 0 0 
11| 0 0 0 0 0 0 0 0 0 0 0 0 
-----mpcase-----
   0 1 2 3 4 5 6 7 8 9 10 11 
--------------------------
0| 0 1 1 1 3 0 0 0 0 0 0 0 
1| 0 0 1 1 1 1 0 0 0 0 0 0 
2| 0 0 0 1 1 1 3 0 0 0 0 0 
3| 0 0 0 0 1 1 1 2 0 0 0 0 
4| 0 0 0 0 0 1 1 2 1 0 0 0 
5| 0 0 0 0 0 0 1 3 1 0 0 0 
6| 0 0 0 0 0 0 0 1 1 1 0 0 
7| 0 0 0 0 0 0 0 0 1 1 1 0 
8| 0 0 0 0 0 0 0 0 0 1 1 3 
9| 0 0 0 0 0 0 0 0 0 0 1 1 
10| 0 0 0 0 0 0 0 0 0 0 0 1 
11| 0 0 0 0 0 0 0 0 0 0 0 0 
-----mpsubchords-----
find max (5, 9)
-----mpnum-----
   0 1 2 3 4 5 6 7 8 9 10 11 
--------------------------
0| 0 0 0 0 1 -1 -1 -1 -1 -1 -1 -1 
1| 0 0 0 0 0 0 -1 -1 -1 -1 -1 -1 
2| 0 0 0 0 0 0 1 -1 -1 -1 -1 -1 
3| 0 0 0 0 0 0 0 1 -1 -1 -1 -1 
4| 0 0 0 0 0 0 0 1 1 -1 -1 -1 
5| 0 0 0 0 0 0 0 1 1 1 -1 -1 
6| 0 0 0 0 0 0 0 0 0 0 -1 -1 
7| 0 0 0 0 0 0 0 0 0 0 0 -1 
8| 0 0 0 0 0 0 0 0 0 0 0 1 
9| 0 0 0 0 0 0 0 0 0 0 0 0 
10| 0 0 0 0 0 0 0 0 0 0 0 0 
11| 0 0 0 0 0 0 0 0 0 0 0 0 
-----mpcase-----
   0 1 2 3 4 5 6 7 8 9 10 11 
--------------------------
0| 0 1 1 1 3 0 0 0 0 0 0 0 
1| 0 0 1 1 1 1 0 0 0 0 0 0 
2| 0 0 0 1 1 1 3 0 0 0 0 0 
3| 0 0 0 0 1 1 1 2 0 0 0 0 
4| 0 0 0 0 0 1 1 2 1 0 0 0 
5| 0 0 0 0 0 0 1 3 1 1 0 0 
6| 0 0 0 0 0 0 0 1 1 1 0 0 
7| 0 0 0 0 0 0 0 0 1 1 1 0 
8| 0 0 0 0 0 0 0 0 0 1 1 3 
9| 0 0 0 0 0 0 0 0 0 0 1 1 
10| 0 0 0 0 0 0 0 0 0 0 0 1 
11| 0 0 0 0 0 0 0 0 0 0 0 0 
-----mpsubchords-----
find max (6, 10)
-----mpnum-----
   0 1 2 3 4 5 6 7 8 9 10 11 
--------------------------
0| 0 0 0 0 1 -1 -1 -1 -1 -1 -1 -1 
1| 0 0 0 0 0 0 -1 -1 -1 -1 -1 -1 
2| 0 0 0 0 0 0 1 -1 -1 -1 -1 -1 
3| 0 0 0 0 0 0 0 1 -1 -1 -1 -1 
4| 0 0 0 0 0 0 0 1 1 -1 -1 -1 
5| 0 0 0 0 0 0 0 1 1 1 -1 -1 
6| 0 0 0 0 0 0 0 0 0 0 0 -1 
7| 0 0 0 0 0 0 0 0 0 0 0 -1 
8| 0 0 0 0 0 0 0 0 0 0 0 1 
9| 0 0 0 0 0 0 0 0 0 0 0 0 
10| 0 0 0 0 0 0 0 0 0 0 0 0 
11| 0 0 0 0 0 0 0 0 0 0 0 0 
-----mpcase-----
   0 1 2 3 4 5 6 7 8 9 10 11 
--------------------------
0| 0 1 1 1 3 0 0 0 0 0 0 0 
1| 0 0 1 1 1 1 0 0 0 0 0 0 
2| 0 0 0 1 1 1 3 0 0 0 0 0 
3| 0 0 0 0 1 1 1 2 0 0 0 0 
4| 0 0 0 0 0 1 1 2 1 0 0 0 
5| 0 0 0 0 0 0 1 3 1 1 0 0 
6| 0 0 0 0 0 0 0 1 1 1 1 0 
7| 0 0 0 0 0 0 0 0 1 1 1 0 
8| 0 0 0 0 0 0 0 0 0 1 1 3 
9| 0 0 0 0 0 0 0 0 0 0 1 1 
10| 0 0 0 0 0 0 0 0 0 0 0 1 
11| 0 0 0 0 0 0 0 0 0 0 0 0 
-----mpsubchords-----
find max (7, 11)
-----mpnum-----
   0 1 2 3 4 5 6 7 8 9 10 11 
--------------------------
0| 0 0 0 0 1 -1 -1 -1 -1 -1 -1 -1 
1| 0 0 0 0 0 0 -1 -1 -1 -1 -1 -1 
2| 0 0 0 0 0 0 1 -1 -1 -1 -1 -1 
3| 0 0 0 0 0 0 0 1 -1 -1 -1 -1 
4| 0 0 0 0 0 0 0 1 1 -1 -1 -1 
5| 0 0 0 0 0 0 0 1 1 1 -1 -1 
6| 0 0 0 0 0 0 0 0 0 0 0 -1 
7| 0 0 0 0 0 0 0 0 0 0 0 1 
8| 0 0 0 0 0 0 0 0 0 0 0 1 
9| 0 0 0 0 0 0 0 0 0 0 0 0 
10| 0 0 0 0 0 0 0 0 0 0 0 0 
11| 0 0 0 0 0 0 0 0 0 0 0 0 
-----mpcase-----
   0 1 2 3 4 5 6 7 8 9 10 11 
--------------------------
0| 0 1 1 1 3 0 0 0 0 0 0 0 
1| 0 0 1 1 1 1 0 0 0 0 0 0 
2| 0 0 0 1 1 1 3 0 0 0 0 0 
3| 0 0 0 0 1 1 1 2 0 0 0 0 
4| 0 0 0 0 0 1 1 2 1 0 0 0 
5| 0 0 0 0 0 0 1 3 1 1 0 0 
6| 0 0 0 0 0 0 0 1 1 1 1 0 
7| 0 0 0 0 0 0 0 0 1 1 1 2 
8| 0 0 0 0 0 0 0 0 0 1 1 3 
9| 0 0 0 0 0 0 0 0 0 0 1 1 
10| 0 0 0 0 0 0 0 0 0 0 0 1 
11| 0 0 0 0 0 0 0 0 0 0 0 0 
-----mpsubchords-----
find max (0, 5)
-----mpnum-----
   0 1 2 3 4 5 6 7 8 9 10 11 
--------------------------
0| 0 0 0 0 1 0 -1 -1 -1 -1 -1 -1 
1| 0 0 0 0 0 0 -1 -1 -1 -1 -1 -1 
2| 0 0 0 0 0 0 1 -1 -1 -1 -1 -1 
3| 0 0 0 0 0 0 0 1 -1 -1 -1 -1 
4| 0 0 0 0 0 0 0 1 1 -1 -1 -1 
5| 0 0 0 0 0 0 0 1 1 1 -1 -1 
6| 0 0 0 0 0 0 0 0 0 0 0 -1 
7| 0 0 0 0 0 0 0 0 0 0 0 1 
8| 0 0 0 0 0 0 0 0 0 0 0 1 
9| 0 0 0 0 0 0 0 0 0 0 0 0 
10| 0 0 0 0 0 0 0 0 0 0 0 0 
11| 0 0 0 0 0 0 0 0 0 0 0 0 
-----mpcase-----
   0 1 2 3 4 5 6 7 8 9 10 11 
--------------------------
0| 0 1 1 1 3 1 0 0 0 0 0 0 
1| 0 0 1 1 1 1 0 0 0 0 0 0 
2| 0 0 0 1 1 1 3 0 0 0 0 0 
3| 0 0 0 0 1 1 1 2 0 0 0 0 
4| 0 0 0 0 0 1 1 2 1 0 0 0 
5| 0 0 0 0 0 0 1 3 1 1 0 0 
6| 0 0 0 0 0 0 0 1 1 1 1 0 
7| 0 0 0 0 0 0 0 0 1 1 1 2 
8| 0 0 0 0 0 0 0 0 0 1 1 3 
9| 0 0 0 0 0 0 0 0 0 0 1 1 
10| 0 0 0 0 0 0 0 0 0 0 0 1 
11| 0 0 0 0 0 0 0 0 0 0 0 0 
-----mpsubchords-----
find max (1, 6)
-----mpnum-----
   0 1 2 3 4 5 6 7 8 9 10 11 
--------------------------
0| 0 0 0 0 1 0 -1 -1 -1 -1 -1 -1 
1| 0 0 0 0 0 0 1 -1 -1 -1 -1 -1 
2| 0 0 0 0 0 0 1 -1 -1 -1 -1 -1 
3| 0 0 0 0 0 0 0 1 -1 -1 -1 -1 
4| 0 0 0 0 0 0 0 1 1 -1 -1 -1 
5| 0 0 0 0 0 0 0 1 1 1 -1 -1 
6| 0 0 0 0 0 0 0 0 0 0 0 -1 
7| 0 0 0 0 0 0 0 0 0 0 0 1 
8| 0 0 0 0 0 0 0 0 0 0 0 1 
9| 0 0 0 0 0 0 0 0 0 0 0 0 
10| 0 0 0 0 0 0 0 0 0 0 0 0 
11| 0 0 0 0 0 0 0 0 0 0 0 0 
-----mpcase-----
   0 1 2 3 4 5 6 7 8 9 10 11 
--------------------------
0| 0 1 1 1 3 1 0 0 0 0 0 0 
1| 0 0 1 1 1 1 2 0 0 0 0 0 
2| 0 0 0 1 1 1 3 0 0 0 0 0 
3| 0 0 0 0 1 1 1 2 0 0 0 0 
4| 0 0 0 0 0 1 1 2 1 0 0 0 
5| 0 0 0 0 0 0 1 3 1 1 0 0 
6| 0 0 0 0 0 0 0 1 1 1 1 0 
7| 0 0 0 0 0 0 0 0 1 1 1 2 
8| 0 0 0 0 0 0 0 0 0 1 1 3 
9| 0 0 0 0 0 0 0 0 0 0 1 1 
10| 0 0 0 0 0 0 0 0 0 0 0 1 
11| 0 0 0 0 0 0 0 0 0 0 0 0 
-----mpsubchords-----
find max (2, 7)
-----mpnum-----
   0 1 2 3 4 5 6 7 8 9 10 11 
--------------------------
0| 0 0 0 0 1 0 -1 -1 -1 -1 -1 -1 
1| 0 0 0 0 0 0 1 -1 -1 -1 -1 -1 
2| 0 0 0 0 0 0 1 1 -1 -1 -1 -1 
3| 0 0 0 0 0 0 0 1 -1 -1 -1 -1 
4| 0 0 0 0 0 0 0 1 1 -1 -1 -1 
5| 0 0 0 0 0 0 0 1 1 1 -1 -1 
6| 0 0 0 0 0 0 0 0 0 0 0 -1 
7| 0 0 0 0 0 0 0 0 0 0 0 1 
8| 0 0 0 0 0 0 0 0 0 0 0 1 
9| 0 0 0 0 0 0 0 0 0 0 0 0 
10| 0 0 0 0 0 0 0 0 0 0 0 0 
11| 0 0 0 0 0 0 0 0 0 0 0 0 
-----mpcase-----
   0 1 2 3 4 5 6 7 8 9 10 11 
--------------------------
0| 0 1 1 1 3 1 0 0 0 0 0 0 
1| 0 0 1 1 1 1 2 0 0 0 0 0 
2| 0 0 0 1 1 1 3 2 0 0 0 0 
3| 0 0 0 0 1 1 1 2 0 0 0 0 
4| 0 0 0 0 0 1 1 2 1 0 0 0 
5| 0 0 0 0 0 0 1 3 1 1 0 0 
6| 0 0 0 0 0 0 0 1 1 1 1 0 
7| 0 0 0 0 0 0 0 0 1 1 1 2 
8| 0 0 0 0 0 0 0 0 0 1 1 3 
9| 0 0 0 0 0 0 0 0 0 0 1 1 
10| 0 0 0 0 0 0 0 0 0 0 0 1 
11| 0 0 0 0 0 0 0 0 0 0 0 0 
-----mpsubchords-----
find max (3, 8)
-----mpnum-----
   0 1 2 3 4 5 6 7 8 9 10 11 
--------------------------
0| 0 0 0 0 1 0 -1 -1 -1 -1 -1 -1 
1| 0 0 0 0 0 0 1 -1 -1 -1 -1 -1 
2| 0 0 0 0 0 0 1 1 -1 -1 -1 -1 
3| 0 0 0 0 0 0 0 1 1 -1 -1 -1 
4| 0 0 0 0 0 0 0 1 1 -1 -1 -1 
5| 0 0 0 0 0 0 0 1 1 1 -1 -1 
6| 0 0 0 0 0 0 0 0 0 0 0 -1 
7| 0 0 0 0 0 0 0 0 0 0 0 1 
8| 0 0 0 0 0 0 0 0 0 0 0 1 
9| 0 0 0 0 0 0 0 0 0 0 0 0 
10| 0 0 0 0 0 0 0 0 0 0 0 0 
11| 0 0 0 0 0 0 0 0 0 0 0 0 
-----mpcase-----
   0 1 2 3 4 5 6 7 8 9 10 11 
--------------------------
0| 0 1 1 1 3 1 0 0 0 0 0 0 
1| 0 0 1 1 1 1 2 0 0 0 0 0 
2| 0 0 0 1 1 1 3 2 0 0 0 0 
3| 0 0 0 0 1 1 1 2 1 0 0 0 
4| 0 0 0 0 0 1 1 2 1 0 0 0 
5| 0 0 0 0 0 0 1 3 1 1 0 0 
6| 0 0 0 0 0 0 0 1 1 1 1 0 
7| 0 0 0 0 0 0 0 0 1 1 1 2 
8| 0 0 0 0 0 0 0 0 0 1 1 3 
9| 0 0 0 0 0 0 0 0 0 0 1 1 
10| 0 0 0 0 0 0 0 0 0 0 0 1 
11| 0 0 0 0 0 0 0 0 0 0 0 0 
-----mpsubchords-----
find max (4, 9)
-----mpnum-----
   0 1 2 3 4 5 6 7 8 9 10 11 
--------------------------
0| 0 0 0 0 1 0 -1 -1 -1 -1 -1 -1 
1| 0 0 0 0 0 0 1 -1 -1 -1 -1 -1 
2| 0 0 0 0 0 0 1 1 -1 -1 -1 -1 
3| 0 0 0 0 0 0 0 1 1 -1 -1 -1 
4| 0 0 0 0 0 0 0 1 1 1 -1 -1 
5| 0 0 0 0 0 0 0 1 1 1 -1 -1 
6| 0 0 0 0 0 0 0 0 0 0 0 -1 
7| 0 0 0 0 0 0 0 0 0 0 0 1 
8| 0 0 0 0 0 0 0 0 0 0 0 1 
9| 0 0 0 0 0 0 0 0 0 0 0 0 
10| 0 0 0 0 0 0 0 0 0 0 0 0 
11| 0 0 0 0 0 0 0 0 0 0 0 0 
-----mpcase-----
   0 1 2 3 4 5 6 7 8 9 10 11 
--------------------------
0| 0 1 1 1 3 1 0 0 0 0 0 0 
1| 0 0 1 1 1 1 2 0 0 0 0 0 
2| 0 0 0 1 1 1 3 2 0 0 0 0 
3| 0 0 0 0 1 1 1 2 1 0 0 0 
4| 0 0 0 0 0 1 1 2 1 1 0 0 
5| 0 0 0 0 0 0 1 3 1 1 0 0 
6| 0 0 0 0 0 0 0 1 1 1 1 0 
7| 0 0 0 0 0 0 0 0 1 1 1 2 
8| 0 0 0 0 0 0 0 0 0 1 1 3 
9| 0 0 0 0 0 0 0 0 0 0 1 1 
10| 0 0 0 0 0 0 0 0 0 0 0 1 
11| 0 0 0 0 0 0 0 0 0 0 0 0 
-----mpsubchords-----
find max (5, 10)
-----mpnum-----
   0 1 2 3 4 5 6 7 8 9 10 11 
--------------------------
0| 0 0 0 0 1 0 -1 -1 -1 -1 -1 -1 
1| 0 0 0 0 0 0 1 -1 -1 -1 -1 -1 
2| 0 0 0 0 0 0 1 1 -1 -1 -1 -1 
3| 0 0 0 0 0 0 0 1 1 -1 -1 -1 
4| 0 0 0 0 0 0 0 1 1 1 -1 -1 
5| 0 0 0 0 0 0 0 1 1 1 1 -1 
6| 0 0 0 0 0 0 0 0 0 0 0 -1 
7| 0 0 0 0 0 0 0 0 0 0 0 1 
8| 0 0 0 0 0 0 0 0 0 0 0 1 
9| 0 0 0 0 0 0 0 0 0 0 0 0 
10| 0 0 0 0 0 0 0 0 0 0 0 0 
11| 0 0 0 0 0 0 0 0 0 0 0 0 
-----mpcase-----
   0 1 2 3 4 5 6 7 8 9 10 11 
--------------------------
0| 0 1 1 1 3 1 0 0 0 0 0 0 
1| 0 0 1 1 1 1 2 0 0 0 0 0 
2| 0 0 0 1 1 1 3 2 0 0 0 0 
3| 0 0 0 0 1 1 1 2 1 0 0 0 
4| 0 0 0 0 0 1 1 2 1 1 0 0 
5| 0 0 0 0 0 0 1 3 1 1 1 0 
6| 0 0 0 0 0 0 0 1 1 1 1 0 
7| 0 0 0 0 0 0 0 0 1 1 1 2 
8| 0 0 0 0 0 0 0 0 0 1 1 3 
9| 0 0 0 0 0 0 0 0 0 0 1 1 
10| 0 0 0 0 0 0 0 0 0 0 0 1 
11| 0 0 0 0 0 0 0 0 0 0 0 0 
-----mpsubchords-----
find max (6, 11)
-----mpnum-----
   0 1 2 3 4 5 6 7 8 9 10 11 
--------------------------
0| 0 0 0 0 1 0 -1 -1 -1 -1 -1 -1 
1| 0 0 0 0 0 0 1 -1 -1 -1 -1 -1 
2| 0 0 0 0 0 0 1 1 -1 -1 -1 -1 
3| 0 0 0 0 0 0 0 1 1 -1 -1 -1 
4| 0 0 0 0 0 0 0 1 1 1 -1 -1 
5| 0 0 0 0 0 0 0 1 1 1 1 -1 
6| 0 0 0 0 0 0 0 0 0 0 0 1 
7| 0 0 0 0 0 0 0 0 0 0 0 1 
8| 0 0 0 0 0 0 0 0 0 0 0 1 
9| 0 0 0 0 0 0 0 0 0 0 0 0 
10| 0 0 0 0 0 0 0 0 0 0 0 0 
11| 0 0 0 0 0 0 0 0 0 0 0 0 
-----mpcase-----
   0 1 2 3 4 5 6 7 8 9 10 11 
--------------------------
0| 0 1 1 1 3 1 0 0 0 0 0 0 
1| 0 0 1 1 1 1 2 0 0 0 0 0 
2| 0 0 0 1 1 1 3 2 0 0 0 0 
3| 0 0 0 0 1 1 1 2 1 0 0 0 
4| 0 0 0 0 0 1 1 2 1 1 0 0 
5| 0 0 0 0 0 0 1 3 1 1 1 0 
6| 0 0 0 0 0 0 0 1 1 1 1 2 
7| 0 0 0 0 0 0 0 0 1 1 1 2 
8| 0 0 0 0 0 0 0 0 0 1 1 3 
9| 0 0 0 0 0 0 0 0 0 0 1 1 
10| 0 0 0 0 0 0 0 0 0 0 0 1 
11| 0 0 0 0 0 0 0 0 0 0 0 0 
-----mpsubchords-----
find max (0, 6)
-----mpnum-----
   0 1 2 3 4 5 6 7 8 9 10 11 
--------------------------
0| 0 0 0 0 1 0 1 -1 -1 -1 -1 -1 
1| 0 0 0 0 0 0 1 -1 -1 -1 -1 -1 
2| 0 0 0 0 0 0 1 1 -1 -1 -1 -1 
3| 0 0 0 0 0 0 0 1 1 -1 -1 -1 
4| 0 0 0 0 0 0 0 1 1 1 -1 -1 
5| 0 0 0 0 0 0 0 1 1 1 1 -1 
6| 0 0 0 0 0 0 0 0 0 0 0 1 
7| 0 0 0 0 0 0 0 0 0 0 0 1 
8| 0 0 0 0 0 0 0 0 0 0 0 1 
9| 0 0 0 0 0 0 0 0 0 0 0 0 
10| 0 0 0 0 0 0 0 0 0 0 0 0 
11| 0 0 0 0 0 0 0 0 0 0 0 0 
-----mpcase-----
   0 1 2 3 4 5 6 7 8 9 10 11 
--------------------------
0| 0 1 1 1 3 1 2 0 0 0 0 0 
1| 0 0 1 1 1 1 2 0 0 0 0 0 
2| 0 0 0 1 1 1 3 2 0 0 0 0 
3| 0 0 0 0 1 1 1 2 1 0 0 0 
4| 0 0 0 0 0 1 1 2 1 1 0 0 
5| 0 0 0 0 0 0 1 3 1 1 1 0 
6| 0 0 0 0 0 0 0 1 1 1 1 2 
7| 0 0 0 0 0 0 0 0 1 1 1 2 
8| 0 0 0 0 0 0 0 0 0 1 1 3 
9| 0 0 0 0 0 0 0 0 0 0 1 1 
10| 0 0 0 0 0 0 0 0 0 0 0 1 
11| 0 0 0 0 0 0 0 0 0 0 0 0 
-----mpsubchords-----
find max (1, 7)
-----mpnum-----
   0 1 2 3 4 5 6 7 8 9 10 11 
--------------------------
0| 0 0 0 0 1 0 1 -1 -1 -1 -1 -1 
1| 0 0 0 0 0 0 1 1 -1 -1 -1 -1 
2| 0 0 0 0 0 0 1 1 -1 -1 -1 -1 
3| 0 0 0 0 0 0 0 1 1 -1 -1 -1 
4| 0 0 0 0 0 0 0 1 1 1 -1 -1 
5| 0 0 0 0 0 0 0 1 1 1 1 -1 
6| 0 0 0 0 0 0 0 0 0 0 0 1 
7| 0 0 0 0 0 0 0 0 0 0 0 1 
8| 0 0 0 0 0 0 0 0 0 0 0 1 
9| 0 0 0 0 0 0 0 0 0 0 0 0 
10| 0 0 0 0 0 0 0 0 0 0 0 0 
11| 0 0 0 0 0 0 0 0 0 0 0 0 
-----mpcase-----
   0 1 2 3 4 5 6 7 8 9 10 11 
--------------------------
0| 0 1 1 1 3 1 2 0 0 0 0 0 
1| 0 0 1 1 1 1 2 2 0 0 0 0 
2| 0 0 0 1 1 1 3 2 0 0 0 0 
3| 0 0 0 0 1 1 1 2 1 0 0 0 
4| 0 0 0 0 0 1 1 2 1 1 0 0 
5| 0 0 0 0 0 0 1 3 1 1 1 0 
6| 0 0 0 0 0 0 0 1 1 1 1 2 
7| 0 0 0 0 0 0 0 0 1 1 1 2 
8| 0 0 0 0 0 0 0 0 0 1 1 3 
9| 0 0 0 0 0 0 0 0 0 0 1 1 
10| 0 0 0 0 0 0 0 0 0 0 0 1 
11| 0 0 0 0 0 0 0 0 0 0 0 0 
-----mpsubchords-----
find max (2, 8)
-----mpnum-----
   0 1 2 3 4 5 6 7 8 9 10 11 
--------------------------
0| 0 0 0 0 1 0 1 -1 -1 -1 -1 -1 
1| 0 0 0 0 0 0 1 1 -1 -1 -1 -1 
2| 0 0 0 0 0 0 1 1 1 -1 -1 -1 
3| 0 0 0 0 0 0 0 1 1 -1 -1 -1 
4| 0 0 0 0 0 0 0 1 1 1 -1 -1 
5| 0 0 0 0 0 0 0 1 1 1 1 -1 
6| 0 0 0 0 0 0 0 0 0 0 0 1 
7| 0 0 0 0 0 0 0 0 0 0 0 1 
8| 0 0 0 0 0 0 0 0 0 0 0 1 
9| 0 0 0 0 0 0 0 0 0 0 0 0 
10| 0 0 0 0 0 0 0 0 0 0 0 0 
11| 0 0 0 0 0 0 0 0 0 0 0 0 
-----mpcase-----
   0 1 2 3 4 5 6 7 8 9 10 11 
--------------------------
0| 0 1 1 1 3 1 2 0 0 0 0 0 
1| 0 0 1 1 1 1 2 2 0 0 0 0 
2| 0 0 0 1 1 1 3 2 1 0 0 0 
3| 0 0 0 0 1 1 1 2 1 0 0 0 
4| 0 0 0 0 0 1 1 2 1 1 0 0 
5| 0 0 0 0 0 0 1 3 1 1 1 0 
6| 0 0 0 0 0 0 0 1 1 1 1 2 
7| 0 0 0 0 0 0 0 0 1 1 1 2 
8| 0 0 0 0 0 0 0 0 0 1 1 3 
9| 0 0 0 0 0 0 0 0 0 0 1 1 
10| 0 0 0 0 0 0 0 0 0 0 0 1 
11| 0 0 0 0 0 0 0 0 0 0 0 0 
-----mpsubchords-----
find max (3, 9)
-----mpnum-----
   0 1 2 3 4 5 6 7 8 9 10 11 
--------------------------
0| 0 0 0 0 1 0 1 -1 -1 -1 -1 -1 
1| 0 0 0 0 0 0 1 1 -1 -1 -1 -1 
2| 0 0 0 0 0 0 1 1 1 -1 -1 -1 
3| 0 0 0 0 0 0 0 1 1 1 -1 -1 
4| 0 0 0 0 0 0 0 1 1 1 -1 -1 
5| 0 0 0 0 0 0 0 1 1 1 1 -1 
6| 0 0 0 0 0 0 0 0 0 0 0 1 
7| 0 0 0 0 0 0 0 0 0 0 0 1 
8| 0 0 0 0 0 0 0 0 0 0 0 1 
9| 0 0 0 0 0 0 0 0 0 0 0 0 
10| 0 0 0 0 0 0 0 0 0 0 0 0 
11| 0 0 0 0 0 0 0 0 0 0 0 0 
-----mpcase-----
   0 1 2 3 4 5 6 7 8 9 10 11 
--------------------------
0| 0 1 1 1 3 1 2 0 0 0 0 0 
1| 0 0 1 1 1 1 2 2 0 0 0 0 
2| 0 0 0 1 1 1 3 2 1 0 0 0 
3| 0 0 0 0 1 1 1 2 1 1 0 0 
4| 0 0 0 0 0 1 1 2 1 1 0 0 
5| 0 0 0 0 0 0 1 3 1 1 1 0 
6| 0 0 0 0 0 0 0 1 1 1 1 2 
7| 0 0 0 0 0 0 0 0 1 1 1 2 
8| 0 0 0 0 0 0 0 0 0 1 1 3 
9| 0 0 0 0 0 0 0 0 0 0 1 1 
10| 0 0 0 0 0 0 0 0 0 0 0 1 
11| 0 0 0 0 0 0 0 0 0 0 0 0 
-----mpsubchords-----
find max (4, 10)
-----mpnum-----
   0 1 2 3 4 5 6 7 8 9 10 11 
--------------------------
0| 0 0 0 0 1 0 1 -1 -1 -1 -1 -1 
1| 0 0 0 0 0 0 1 1 -1 -1 -1 -1 
2| 0 0 0 0 0 0 1 1 1 -1 -1 -1 
3| 0 0 0 0 0 0 0 1 1 1 -1 -1 
4| 0 0 0 0 0 0 0 1 1 1 1 -1 
5| 0 0 0 0 0 0 0 1 1 1 1 -1 
6| 0 0 0 0 0 0 0 0 0 0 0 1 
7| 0 0 0 0 0 0 0 0 0 0 0 1 
8| 0 0 0 0 0 0 0 0 0 0 0 1 
9| 0 0 0 0 0 0 0 0 0 0 0 0 
10| 0 0 0 0 0 0 0 0 0 0 0 0 
11| 0 0 0 0 0 0 0 0 0 0 0 0 
-----mpcase-----
   0 1 2 3 4 5 6 7 8 9 10 11 
--------------------------
0| 0 1 1 1 3 1 2 0 0 0 0 0 
1| 0 0 1 1 1 1 2 2 0 0 0 0 
2| 0 0 0 1 1 1 3 2 1 0 0 0 
3| 0 0 0 0 1 1 1 2 1 1 0 0 
4| 0 0 0 0 0 1 1 2 1 1 1 0 
5| 0 0 0 0 0 0 1 3 1 1 1 0 
6| 0 0 0 0 0 0 0 1 1 1 1 2 
7| 0 0 0 0 0 0 0 0 1 1 1 2 
8| 0 0 0 0 0 0 0 0 0 1 1 3 
9| 0 0 0 0 0 0 0 0 0 0 1 1 
10| 0 0 0 0 0 0 0 0 0 0 0 1 
11| 0 0 0 0 0 0 0 0 0 0 0 0 
-----mpsubchords-----
find max (5, 11)
-----mpnum-----
   0 1 2 3 4 5 6 7 8 9 10 11 
--------------------------
0| 0 0 0 0 1 0 1 -1 -1 -1 -1 -1 
1| 0 0 0 0 0 0 1 1 -1 -1 -1 -1 
2| 0 0 0 0 0 0 1 1 1 -1 -1 -1 
3| 0 0 0 0 0 0 0 1 1 1 -1 -1 
4| 0 0 0 0 0 0 0 1 1 1 1 -1 
5| 0 0 0 0 0 0 0 1 1 1 1 2 
6| 0 0 0 0 0 0 0 0 0 0 0 1 
7| 0 0 0 0 0 0 0 0 0 0 0 1 
8| 0 0 0 0 0 0 0 0 0 0 0 1 
9| 0 0 0 0 0 0 0 0 0 0 0 0 
10| 0 0 0 0 0 0 0 0 0 0 0 0 
11| 0 0 0 0 0 0 0 0 0 0 0 0 
-----mpcase-----
   0 1 2 3 4 5 6 7 8 9 10 11 
--------------------------
0| 0 1 1 1 3 1 2 0 0 0 0 0 
1| 0 0 1 1 1 1 2 2 0 0 0 0 
2| 0 0 0 1 1 1 3 2 1 0 0 0 
3| 0 0 0 0 1 1 1 2 1 1 0 0 
4| 0 0 0 0 0 1 1 2 1 1 1 0 
5| 0 0 0 0 0 0 1 3 1 1 1 2 
6| 0 0 0 0 0 0 0 1 1 1 1 2 
7| 0 0 0 0 0 0 0 0 1 1 1 2 
8| 0 0 0 0 0 0 0 0 0 1 1 3 
9| 0 0 0 0 0 0 0 0 0 0 1 1 
10| 0 0 0 0 0 0 0 0 0 0 0 1 
11| 0 0 0 0 0 0 0 0 0 0 0 0 
-----mpsubchords-----
find max (0, 7)
-----mpnum-----
   0 1 2 3 4 5 6 7 8 9 10 11 
--------------------------
0| 0 0 0 0 1 0 1 1 -1 -1 -1 -1 
1| 0 0 0 0 0 0 1 1 -1 -1 -1 -1 
2| 0 0 0 0 0 0 1 1 1 -1 -1 -1 
3| 0 0 0 0 0 0 0 1 1 1 -1 -1 
4| 0 0 0 0 0 0 0 1 1 1 1 -1 
5| 0 0 0 0 0 0 0 1 1 1 1 2 
6| 0 0 0 0 0 0 0 0 0 0 0 1 
7| 0 0 0 0 0 0 0 0 0 0 0 1 
8| 0 0 0 0 0 0 0 0 0 0 0 1 
9| 0 0 0 0 0 0 0 0 0 0 0 0 
10| 0 0 0 0 0 0 0 0 0 0 0 0 
11| 0 0 0 0 0 0 0 0 0 0 0 0 
-----mpcase-----
   0 1 2 3 4 5 6 7 8 9 10 11 
--------------------------
0| 0 1 1 1 3 1 2 2 0 0 0 0 
1| 0 0 1 1 1 1 2 2 0 0 0 0 
2| 0 0 0 1 1 1 3 2 1 0 0 0 
3| 0 0 0 0 1 1 1 2 1 1 0 0 
4| 0 0 0 0 0 1 1 2 1 1 1 0 
5| 0 0 0 0 0 0 1 3 1 1 1 2 
6| 0 0 0 0 0 0 0 1 1 1 1 2 
7| 0 0 0 0 0 0 0 0 1 1 1 2 
8| 0 0 0 0 0 0 0 0 0 1 1 3 
9| 0 0 0 0 0 0 0 0 0 0 1 1 
10| 0 0 0 0 0 0 0 0 0 0 0 1 
11| 0 0 0 0 0 0 0 0 0 0 0 0 
-----mpsubchords-----
find max (1, 8)
-----mpnum-----
   0 1 2 3 4 5 6 7 8 9 10 11 
--------------------------
0| 0 0 0 0 1 0 1 1 -1 -1 -1 -1 
1| 0 0 0 0 0 0 1 1 1 -1 -1 -1 
2| 0 0 0 0 0 0 1 1 1 -1 -1 -1 
3| 0 0 0 0 0 0 0 1 1 1 -1 -1 
4| 0 0 0 0 0 0 0 1 1 1 1 -1 
5| 0 0 0 0 0 0 0 1 1 1 1 2 
6| 0 0 0 0 0 0 0 0 0 0 0 1 
7| 0 0 0 0 0 0 0 0 0 0 0 1 
8| 0 0 0 0 0 0 0 0 0 0 0 1 
9| 0 0 0 0 0 0 0 0 0 0 0 0 
10| 0 0 0 0 0 0 0 0 0 0 0 0 
11| 0 0 0 0 0 0 0 0 0 0 0 0 
-----mpcase-----
   0 1 2 3 4 5 6 7 8 9 10 11 
--------------------------
0| 0 1 1 1 3 1 2 2 0 0 0 0 
1| 0 0 1 1 1 1 2 2 1 0 0 0 
2| 0 0 0 1 1 1 3 2 1 0 0 0 
3| 0 0 0 0 1 1 1 2 1 1 0 0 
4| 0 0 0 0 0 1 1 2 1 1 1 0 
5| 0 0 0 0 0 0 1 3 1 1 1 2 
6| 0 0 0 0 0 0 0 1 1 1 1 2 
7| 0 0 0 0 0 0 0 0 1 1 1 2 
8| 0 0 0 0 0 0 0 0 0 1 1 3 
9| 0 0 0 0 0 0 0 0 0 0 1 1 
10| 0 0 0 0 0 0 0 0 0 0 0 1 
11| 0 0 0 0 0 0 0 0 0 0 0 0 
-----mpsubchords-----
find max (2, 9)
-----mpnum-----
   0 1 2 3 4 5 6 7 8 9 10 11 
--------------------------
0| 0 0 0 0 1 0 1 1 -1 -1 -1 -1 
1| 0 0 0 0 0 0 1 1 1 -1 -1 -1 
2| 0 0 0 0 0 0 1 1 1 1 -1 -1 
3| 0 0 0 0 0 0 0 1 1 1 -1 -1 
4| 0 0 0 0 0 0 0 1 1 1 1 -1 
5| 0 0 0 0 0 0 0 1 1 1 1 2 
6| 0 0 0 0 0 0 0 0 0 0 0 1 
7| 0 0 0 0 0 0 0 0 0 0 0 1 
8| 0 0 0 0 0 0 0 0 0 0 0 1 
9| 0 0 0 0 0 0 0 0 0 0 0 0 
10| 0 0 0 0 0 0 0 0 0 0 0 0 
11| 0 0 0 0 0 0 0 0 0 0 0 0 
-----mpcase-----
   0 1 2 3 4 5 6 7 8 9 10 11 
--------------------------
0| 0 1 1 1 3 1 2 2 0 0 0 0 
1| 0 0 1 1 1 1 2 2 1 0 0 0 
2| 0 0 0 1 1 1 3 2 1 1 0 0 
3| 0 0 0 0 1 1 1 2 1 1 0 0 
4| 0 0 0 0 0 1 1 2 1 1 1 0 
5| 0 0 0 0 0 0 1 3 1 1 1 2 
6| 0 0 0 0 0 0 0 1 1 1 1 2 
7| 0 0 0 0 0 0 0 0 1 1 1 2 
8| 0 0 0 0 0 0 0 0 0 1 1 3 
9| 0 0 0 0 0 0 0 0 0 0 1 1 
10| 0 0 0 0 0 0 0 0 0 0 0 1 
11| 0 0 0 0 0 0 0 0 0 0 0 0 
-----mpsubchords-----
find max (3, 10)
-----mpnum-----
   0 1 2 3 4 5 6 7 8 9 10 11 
--------------------------
0| 0 0 0 0 1 0 1 1 -1 -1 -1 -1 
1| 0 0 0 0 0 0 1 1 1 -1 -1 -1 
2| 0 0 0 0 0 0 1 1 1 1 -1 -1 
3| 0 0 0 0 0 0 0 1 1 1 2 -1 
4| 0 0 0 0 0 0 0 1 1 1 1 -1 
5| 0 0 0 0 0 0 0 1 1 1 1 2 
6| 0 0 0 0 0 0 0 0 0 0 0 1 
7| 0 0 0 0 0 0 0 0 0 0 0 1 
8| 0 0 0 0 0 0 0 0 0 0 0 1 
9| 0 0 0 0 0 0 0 0 0 0 0 0 
10| 0 0 0 0 0 0 0 0 0 0 0 0 
11| 0 0 0 0 0 0 0 0 0 0 0 0 
-----mpcase-----
   0 1 2 3 4 5 6 7 8 9 10 11 
--------------------------
0| 0 1 1 1 3 1 2 2 0 0 0 0 
1| 0 0 1 1 1 1 2 2 1 0 0 0 
2| 0 0 0 1 1 1 3 2 1 1 0 0 
3| 0 0 0 0 1 1 1 2 1 1 3 0 
4| 0 0 0 0 0 1 1 2 1 1 1 0 
5| 0 0 0 0 0 0 1 3 1 1 1 2 
6| 0 0 0 0 0 0 0 1 1 1 1 2 
7| 0 0 0 0 0 0 0 0 1 1 1 2 
8| 0 0 0 0 0 0 0 0 0 1 1 3 
9| 0 0 0 0 0 0 0 0 0 0 1 1 
10| 0 0 0 0 0 0 0 0 0 0 0 1 
11| 0 0 0 0 0 0 0 0 0 0 0 0 
-----mpsubchords-----
find max (4, 11)
-----mpnum-----
   0 1 2 3 4 5 6 7 8 9 10 11 
--------------------------
0| 0 0 0 0 1 0 1 1 -1 -1 -1 -1 
1| 0 0 0 0 0 0 1 1 1 -1 -1 -1 
2| 0 0 0 0 0 0 1 1 1 1 -1 -1 
3| 0 0 0 0 0 0 0 1 1 1 2 -1 
4| 0 0 0 0 0 0 0 1 1 1 1 2 
5| 0 0 0 0 0 0 0 1 1 1 1 2 
6| 0 0 0 0 0 0 0 0 0 0 0 1 
7| 0 0 0 0 0 0 0 0 0 0 0 1 
8| 0 0 0 0 0 0 0 0 0 0 0 1 
9| 0 0 0 0 0 0 0 0 0 0 0 0 
10| 0 0 0 0 0 0 0 0 0 0 0 0 
11| 0 0 0 0 0 0 0 0 0 0 0 0 
-----mpcase-----
   0 1 2 3 4 5 6 7 8 9 10 11 
--------------------------
0| 0 1 1 1 3 1 2 2 0 0 0 0 
1| 0 0 1 1 1 1 2 2 1 0 0 0 
2| 0 0 0 1 1 1 3 2 1 1 0 0 
3| 0 0 0 0 1 1 1 2 1 1 3 0 
4| 0 0 0 0 0 1 1 2 1 1 1 2 
5| 0 0 0 0 0 0 1 3 1 1 1 2 
6| 0 0 0 0 0 0 0 1 1 1 1 2 
7| 0 0 0 0 0 0 0 0 1 1 1 2 
8| 0 0 0 0 0 0 0 0 0 1 1 3 
9| 0 0 0 0 0 0 0 0 0 0 1 1 
10| 0 0 0 0 0 0 0 0 0 0 0 1 
11| 0 0 0 0 0 0 0 0 0 0 0 0 
-----mpsubchords-----
find max (0, 8)
-----mpnum-----
   0 1 2 3 4 5 6 7 8 9 10 11 
--------------------------
0| 0 0 0 0 1 0 1 1 0 -1 -1 -1 
1| 0 0 0 0 0 0 1 1 1 -1 -1 -1 
2| 0 0 0 0 0 0 1 1 1 1 -1 -1 
3| 0 0 0 0 0 0 0 1 1 1 2 -1 
4| 0 0 0 0 0 0 0 1 1 1 1 2 
5| 0 0 0 0 0 0 0 1 1 1 1 2 
6| 0 0 0 0 0 0 0 0 0 0 0 1 
7| 0 0 0 0 0 0 0 0 0 0 0 1 
8| 0 0 0 0 0 0 0 0 0 0 0 1 
9| 0 0 0 0 0 0 0 0 0 0 0 0 
10| 0 0 0 0 0 0 0 0 0 0 0 0 
11| 0 0 0 0 0 0 0 0 0 0 0 0 
-----mpcase-----
   0 1 2 3 4 5 6 7 8 9 10 11 
--------------------------
0| 0 1 1 1 3 1 2 2 1 0 0 0 
1| 0 0 1 1 1 1 2 2 1 0 0 0 
2| 0 0 0 1 1 1 3 2 1 1 0 0 
3| 0 0 0 0 1 1 1 2 1 1 3 0 
4| 0 0 0 0 0 1 1 2 1 1 1 2 
5| 0 0 0 0 0 0 1 3 1 1 1 2 
6| 0 0 0 0 0 0 0 1 1 1 1 2 
7| 0 0 0 0 0 0 0 0 1 1 1 2 
8| 0 0 0 0 0 0 0 0 0 1 1 3 
9| 0 0 0 0 0 0 0 0 0 0 1 1 
10| 0 0 0 0 0 0 0 0 0 0 0 1 
11| 0 0 0 0 0 0 0 0 0 0 0 0 
-----mpsubchords-----
find max (1, 9)
-----mpnum-----
   0 1 2 3 4 5 6 7 8 9 10 11 
--------------------------
0| 0 0 0 0 1 0 1 1 0 -1 -1 -1 
1| 0 0 0 0 0 0 1 1 1 2 -1 -1 
2| 0 0 0 0 0 0 1 1 1 1 -1 -1 
3| 0 0 0 0 0 0 0 1 1 1 2 -1 
4| 0 0 0 0 0 0 0 1 1 1 1 2 
5| 0 0 0 0 0 0 0 1 1 1 1 2 
6| 0 0 0 0 0 0 0 0 0 0 0 1 
7| 0 0 0 0 0 0 0 0 0 0 0 1 
8| 0 0 0 0 0 0 0 0 0 0 0 1 
9| 0 0 0 0 0 0 0 0 0 0 0 0 
10| 0 0 0 0 0 0 0 0 0 0 0 0 
11| 0 0 0 0 0 0 0 0 0 0 0 0 
-----mpcase-----
   0 1 2 3 4 5 6 7 8 9 10 11 
--------------------------
0| 0 1 1 1 3 1 2 2 1 0 0 0 
1| 0 0 1 1 1 1 2 2 1 3 0 0 
2| 0 0 0 1 1 1 3 2 1 1 0 0 
3| 0 0 0 0 1 1 1 2 1 1 3 0 
4| 0 0 0 0 0 1 1 2 1 1 1 2 
5| 0 0 0 0 0 0 1 3 1 1 1 2 
6| 0 0 0 0 0 0 0 1 1 1 1 2 
7| 0 0 0 0 0 0 0 0 1 1 1 2 
8| 0 0 0 0 0 0 0 0 0 1 1 3 
9| 0 0 0 0 0 0 0 0 0 0 1 1 
10| 0 0 0 0 0 0 0 0 0 0 0 1 
11| 0 0 0 0 0 0 0 0 0 0 0 0 
-----mpsubchords-----
find max (2, 10)
-----mpnum-----
   0 1 2 3 4 5 6 7 8 9 10 11 
--------------------------
0| 0 0 0 0 1 0 1 1 0 -1 -1 -1 
1| 0 0 0 0 0 0 1 1 1 2 -1 -1 
2| 0 0 0 0 0 0 1 1 1 1 2 -1 
3| 0 0 0 0 0 0 0 1 1 1 2 -1 
4| 0 0 0 0 0 0 0 1 1 1 1 2 
5| 0 0 0 0 0 0 0 1 1 1 1 2 
6| 0 0 0 0 0 0 0 0 0 0 0 1 
7| 0 0 0 0 0 0 0 0 0 0 0 1 
8| 0 0 0 0 0 0 0 0 0 0 0 1 
9| 0 0 0 0 0 0 0 0 0 0 0 0 
10| 0 0 0 0 0 0 0 0 0 0 0 0 
11| 0 0 0 0 0 0 0 0 0 0 0 0 
-----mpcase-----
   0 1 2 3 4 5 6 7 8 9 10 11 
--------------------------
0| 0 1 1 1 3 1 2 2 1 0 0 0 
1| 0 0 1 1 1 1 2 2 1 3 0 0 
2| 0 0 0 1 1 1 3 2 1 1 2 0 
3| 0 0 0 0 1 1 1 2 1 1 3 0 
4| 0 0 0 0 0 1 1 2 1 1 1 2 
5| 0 0 0 0 0 0 1 3 1 1 1 2 
6| 0 0 0 0 0 0 0 1 1 1 1 2 
7| 0 0 0 0 0 0 0 0 1 1 1 2 
8| 0 0 0 0 0 0 0 0 0 1 1 3 
9| 0 0 0 0 0 0 0 0 0 0 1 1 
10| 0 0 0 0 0 0 0 0 0 0 0 1 
11| 0 0 0 0 0 0 0 0 0 0 0 0 
-----mpsubchords-----
find max (3, 11)
-----mpnum-----
   0 1 2 3 4 5 6 7 8 9 10 11 
--------------------------
0| 0 0 0 0 1 0 1 1 0 -1 -1 -1 
1| 0 0 0 0 0 0 1 1 1 2 -1 -1 
2| 0 0 0 0 0 0 1 1 1 1 2 -1 
3| 0 0 0 0 0 0 0 1 1 1 2 2 
4| 0 0 0 0 0 0 0 1 1 1 1 2 
5| 0 0 0 0 0 0 0 1 1 1 1 2 
6| 0 0 0 0 0 0 0 0 0 0 0 1 
7| 0 0 0 0 0 0 0 0 0 0 0 1 
8| 0 0 0 0 0 0 0 0 0 0 0 1 
9| 0 0 0 0 0 0 0 0 0 0 0 0 
10| 0 0 0 0 0 0 0 0 0 0 0 0 
11| 0 0 0 0 0 0 0 0 0 0 0 0 
-----mpcase-----
   0 1 2 3 4 5 6 7 8 9 10 11 
--------------------------
0| 0 1 1 1 3 1 2 2 1 0 0 0 
1| 0 0 1 1 1 1 2 2 1 3 0 0 
2| 0 0 0 1 1 1 3 2 1 1 2 0 
3| 0 0 0 0 1 1 1 2 1 1 3 2 
4| 0 0 0 0 0 1 1 2 1 1 1 2 
5| 0 0 0 0 0 0 1 3 1 1 1 2 
6| 0 0 0 0 0 0 0 1 1 1 1 2 
7| 0 0 0 0 0 0 0 0 1 1 1 2 
8| 0 0 0 0 0 0 0 0 0 1 1 3 
9| 0 0 0 0 0 0 0 0 0 0 1 1 
10| 0 0 0 0 0 0 0 0 0 0 0 1 
11| 0 0 0 0 0 0 0 0 0 0 0 0 
-----mpsubchords-----
find max (0, 9)
-----mpnum-----
   0 1 2 3 4 5 6 7 8 9 10 11 
--------------------------
0| 0 0 0 0 1 0 1 1 0 2 -1 -1 
1| 0 0 0 0 0 0 1 1 1 2 -1 -1 
2| 0 0 0 0 0 0 1 1 1 1 2 -1 
3| 0 0 0 0 0 0 0 1 1 1 2 2 
4| 0 0 0 0 0 0 0 1 1 1 1 2 
5| 0 0 0 0 0 0 0 1 1 1 1 2 
6| 0 0 0 0 0 0 0 0 0 0 0 1 
7| 0 0 0 0 0 0 0 0 0 0 0 1 
8| 0 0 0 0 0 0 0 0 0 0 0 1 
9| 0 0 0 0 0 0 0 0 0 0 0 0 
10| 0 0 0 0 0 0 0 0 0 0 0 0 
11| 0 0 0 0 0 0 0 0 0 0 0 0 
-----mpcase-----
   0 1 2 3 4 5 6 7 8 9 10 11 
--------------------------
0| 0 1 1 1 3 1 2 2 1 2 0 0 
1| 0 0 1 1 1 1 2 2 1 3 0 0 
2| 0 0 0 1 1 1 3 2 1 1 2 0 
3| 0 0 0 0 1 1 1 2 1 1 3 2 
4| 0 0 0 0 0 1 1 2 1 1 1 2 
5| 0 0 0 0 0 0 1 3 1 1 1 2 
6| 0 0 0 0 0 0 0 1 1 1 1 2 
7| 0 0 0 0 0 0 0 0 1 1 1 2 
8| 0 0 0 0 0 0 0 0 0 1 1 3 
9| 0 0 0 0 0 0 0 0 0 0 1 1 
10| 0 0 0 0 0 0 0 0 0 0 0 1 
11| 0 0 0 0 0 0 0 0 0 0 0 0 
-----mpsubchords-----
find max (1, 10)
-----mpnum-----
   0 1 2 3 4 5 6 7 8 9 10 11 
--------------------------
0| 0 0 0 0 1 0 1 1 0 2 -1 -1 
1| 0 0 0 0 0 0 1 1 1 2 2 -1 
2| 0 0 0 0 0 0 1 1 1 1 2 -1 
3| 0 0 0 0 0 0 0 1 1 1 2 2 
4| 0 0 0 0 0 0 0 1 1 1 1 2 
5| 0 0 0 0 0 0 0 1 1 1 1 2 
6| 0 0 0 0 0 0 0 0 0 0 0 1 
7| 0 0 0 0 0 0 0 0 0 0 0 1 
8| 0 0 0 0 0 0 0 0 0 0 0 1 
9| 0 0 0 0 0 0 0 0 0 0 0 0 
10| 0 0 0 0 0 0 0 0 0 0 0 0 
11| 0 0 0 0 0 0 0 0 0 0 0 0 
-----mpcase-----
   0 1 2 3 4 5 6 7 8 9 10 11 
--------------------------
0| 0 1 1 1 3 1 2 2 1 2 0 0 
1| 0 0 1 1 1 1 2 2 1 3 2 0 
2| 0 0 0 1 1 1 3 2 1 1 2 0 
3| 0 0 0 0 1 1 1 2 1 1 3 2 
4| 0 0 0 0 0 1 1 2 1 1 1 2 
5| 0 0 0 0 0 0 1 3 1 1 1 2 
6| 0 0 0 0 0 0 0 1 1 1 1 2 
7| 0 0 0 0 0 0 0 0 1 1 1 2 
8| 0 0 0 0 0 0 0 0 0 1 1 3 
9| 0 0 0 0 0 0 0 0 0 0 1 1 
10| 0 0 0 0 0 0 0 0 0 0 0 1 
11| 0 0 0 0 0 0 0 0 0 0 0 0 
-----mpsubchords-----
find max (2, 11)
-----mpnum-----
   0 1 2 3 4 5 6 7 8 9 10 11 
--------------------------
0| 0 0 0 0 1 0 1 1 0 2 -1 -1 
1| 0 0 0 0 0 0 1 1 1 2 2 -1 
2| 0 0 0 0 0 0 1 1 1 1 2 2 
3| 0 0 0 0 0 0 0 1 1 1 2 2 
4| 0 0 0 0 0 0 0 1 1 1 1 2 
5| 0 0 0 0 0 0 0 1 1 1 1 2 
6| 0 0 0 0 0 0 0 0 0 0 0 1 
7| 0 0 0 0 0 0 0 0 0 0 0 1 
8| 0 0 0 0 0 0 0 0 0 0 0 1 
9| 0 0 0 0 0 0 0 0 0 0 0 0 
10| 0 0 0 0 0 0 0 0 0 0 0 0 
11| 0 0 0 0 0 0 0 0 0 0 0 0 
-----mpcase-----
   0 1 2 3 4 5 6 7 8 9 10 11 
--------------------------
0| 0 1 1 1 3 1 2 2 1 2 0 0 
1| 0 0 1 1 1 1 2 2 1 3 2 0 
2| 0 0 0 1 1 1 3 2 1 1 2 2 
3| 0 0 0 0 1 1 1 2 1 1 3 2 
4| 0 0 0 0 0 1 1 2 1 1 1 2 
5| 0 0 0 0 0 0 1 3 1 1 1 2 
6| 0 0 0 0 0 0 0 1 1 1 1 2 
7| 0 0 0 0 0 0 0 0 1 1 1 2 
8| 0 0 0 0 0 0 0 0 0 1 1 3 
9| 0 0 0 0 0 0 0 0 0 0 1 1 
10| 0 0 0 0 0 0 0 0 0 0 0 1 
11| 0 0 0 0 0 0 0 0 0 0 0 0 
-----mpsubchords-----
find max (0, 10)
-----mpnum-----
   0 1 2 3 4 5 6 7 8 9 10 11 
--------------------------
0| 0 0 0 0 1 0 1 1 0 2 2 -1 
1| 0 0 0 0 0 0 1 1 1 2 2 -1 
2| 0 0 0 0 0 0 1 1 1 1 2 2 
3| 0 0 0 0 0 0 0 1 1 1 2 2 
4| 0 0 0 0 0 0 0 1 1 1 1 2 
5| 0 0 0 0 0 0 0 1 1 1 1 2 
6| 0 0 0 0 0 0 0 0 0 0 0 1 
7| 0 0 0 0 0 0 0 0 0 0 0 1 
8| 0 0 0 0 0 0 0 0 0 0 0 1 
9| 0 0 0 0 0 0 0 0 0 0 0 0 
10| 0 0 0 0 0 0 0 0 0 0 0 0 
11| 0 0 0 0 0 0 0 0 0 0 0 0 
-----mpcase-----
   0 1 2 3 4 5 6 7 8 9 10 11 
--------------------------
0| 0 1 1 1 3 1 2 2 1 2 2 0 
1| 0 0 1 1 1 1 2 2 1 3 2 0 
2| 0 0 0 1 1 1 3 2 1 1 2 2 
3| 0 0 0 0 1 1 1 2 1 1 3 2 
4| 0 0 0 0 0 1 1 2 1 1 1 2 
5| 0 0 0 0 0 0 1 3 1 1 1 2 
6| 0 0 0 0 0 0 0 1 1 1 1 2 
7| 0 0 0 0 0 0 0 0 1 1 1 2 
8| 0 0 0 0 0 0 0 0 0 1 1 3 
9| 0 0 0 0 0 0 0 0 0 0 1 1 
10| 0 0 0 0 0 0 0 0 0 0 0 1 
11| 0 0 0 0 0 0 0 0 0 0 0 0 
-----mpsubchords-----
find max (1, 11)
-----mpnum-----
   0 1 2 3 4 5 6 7 8 9 10 11 
--------------------------
0| 0 0 0 0 1 0 1 1 0 2 2 -1 
1| 0 0 0 0 0 0 1 1 1 2 2 2 
2| 0 0 0 0 0 0 1 1 1 1 2 2 
3| 0 0 0 0 0 0 0 1 1 1 2 2 
4| 0 0 0 0 0 0 0 1 1 1 1 2 
5| 0 0 0 0 0 0 0 1 1 1 1 2 
6| 0 0 0 0 0 0 0 0 0 0 0 1 
7| 0 0 0 0 0 0 0 0 0 0 0 1 
8| 0 0 0 0 0 0 0 0 0 0 0 1 
9| 0 0 0 0 0 0 0 0 0 0 0 0 
10| 0 0 0 0 0 0 0 0 0 0 0 0 
11| 0 0 0 0 0 0 0 0 0 0 0 0 
-----mpcase-----
   0 1 2 3 4 5 6 7 8 9 10 11 
--------------------------
0| 0 1 1 1 3 1 2 2 1 2 2 0 
1| 0 0 1 1 1 1 2 2 1 3 2 2 
2| 0 0 0 1 1 1 3 2 1 1 2 2 
3| 0 0 0 0 1 1 1 2 1 1 3 2 
4| 0 0 0 0 0 1 1 2 1 1 1 2 
5| 0 0 0 0 0 0 1 3 1 1 1 2 
6| 0 0 0 0 0 0 0 1 1 1 1 2 
7| 0 0 0 0 0 0 0 0 1 1 1 2 
8| 0 0 0 0 0 0 0 0 0 1 1 3 
9| 0 0 0 0 0 0 0 0 0 0 1 1 
10| 0 0 0 0 0 0 0 0 0 0 0 1 
11| 0 0 0 0 0 0 0 0 0 0 0 0 
-----mpsubchords-----
find max (0, 11)
-----mpnum-----
   0 1 2 3 4 5 6 7 8 9 10 11 
--------------------------
0| 0 0 0 0 1 0 1 1 0 2 2 1 
1| 0 0 0 0 0 0 1 1 1 2 2 2 
2| 0 0 0 0 0 0 1 1 1 1 2 2 
3| 0 0 0 0 0 0 0 1 1 1 2 2 
4| 0 0 0 0 0 0 0 1 1 1 1 2 
5| 0 0 0 0 0 0 0 1 1 1 1 2 
6| 0 0 0 0 0 0 0 0 0 0 0 1 
7| 0 0 0 0 0 0 0 0 0 0 0 1 
8| 0 0 0 0 0 0 0 0 0 0 0 1 
9| 0 0 0 0 0 0 0 0 0 0 0 0 
10| 0 0 0 0 0 0 0 0 0 0 0 0 
11| 0 0 0 0 0 0 0 0 0 0 0 0 
-----mpcase-----
   0 1 2 3 4 5 6 7 8 9 10 11 
--------------------------
0| 0 1 1 1 3 1 2 2 1 2 2 2 
1| 0 0 1 1 1 1 2 2 1 3 2 2 
2| 0 0 0 1 1 1 3 2 1 1 2 2 
3| 0 0 0 0 1 1 1 2 1 1 3 2 
4| 0 0 0 0 0 1 1 2 1 1 1 2 
5| 0 0 0 0 0 0 1 3 1 1 1 2 
6| 0 0 0 0 0 0 0 1 1 1 1 2 
7| 0 0 0 0 0 0 0 0 1 1 1 2 
8| 0 0 0 0 0 0 0 0 0 1 1 3 
9| 0 0 0 0 0 0 0 0 0 0 1 1 
10| 0 0 0 0 0 0 0 0 0 0 0 1 
11| 0 0 0 0 0 0 0 0 0 0 0 0 
-----mpsubchords-----
-----mpnum-----
   0 1 2 3 4 5 6 7 8 9 10 11 
--------------------------
0| 0 0 0 0 1 0 1 1 0 2 2 1 
1| 0 0 0 0 0 0 1 1 1 2 2 2 
2| 0 0 0 0 0 0 1 1 1 1 2 2 
3| 0 0 0 0 0 0 0 1 1 1 2 2 
4| 0 0 0 0 0 0 0 1 1 1 1 2 
5| 0 0 0 0 0 0 0 1 1 1 1 2 
6| 0 0 0 0 0 0 0 0 0 0 0 1 
7| 0 0 0 0 0 0 0 0 0 0 0 1 
8| 0 0 0 0 0 0 0 0 0 0 0 1 
9| 0 0 0 0 0 0 0 0 0 0 0 0 
10| 0 0 0 0 0 0 0 0 0 0 0 0 
11| 0 0 0 0 0 0 0 0 0 0 0 0 
-----mpcase-----
   0 1 2 3 4 5 6 7 8 9 10 11 
--------------------------
0| 0 1 1 1 3 1 2 2 1 2 2 2 
1| 0 0 1 1 1 1 2 2 1 3 2 2 
2| 0 0 0 1 1 1 3 2 1 1 2 2 
3| 0 0 0 0 1 1 1 2 1 1 3 2 
4| 0 0 0 0 0 1 1 2 1 1 1 2 
5| 0 0 0 0 0 0 1 3 1 1 1 2 
6| 0 0 0 0 0 0 0 1 1 1 1 2 
7| 0 0 0 0 0 0 0 0 1 1 1 2 
8| 0 0 0 0 0 0 0 0 0 1 1 3 
9| 0 0 0 0 0 0 0 0 0 0 1 1 
10| 0 0 0 0 0 0 0 0 0 0 0 1 
11| 0 0 0 0 0 0 0 0 0 0 0 0 
-----mpsubchords-----
0 4
5 7
8 11
